date,open,close,high,low,volume
2019-01-02,6.07,6.15,6.21,6.0,15122.22
2019-01-03,6.16,6.29,6.39,6.13,28961.25
2019-01-04,6.24,6.49,6.53,6.19,49828.27
2019-01-07,6.53,6.63,6.65,6.47,59631.86
2019-01-08,6.58,6.49,6.58,6.47,35440.65
2019-01-09,6.54,6.47,6.72,6.47,48656.89
2019-01-10,6.51,6.54,6.65,6.47,27951.14
2019-01-11,6.52,6.68,6.7,6.52,30775.18
2019-01-14,6.63,6.55,6.67,6.52,23768.93
2019-01-15,6.59,6.68,6.69,6.55,24971.15
2019-01-16,6.67,6.65,6.83,6.65,42355.24
2019-01-17,6.62,6.59,6.74,6.59,32080.79
2019-01-18,6.59,6.62,6.7,6.54,20282.58
2019-01-21,6.65,6.68,6.83,6.55,36803.01
2019-01-22,6.65,6.63,6.74,6.59,16114.62
2019-01-23,6.62,6.6,6.67,6.56,14471.0
2019-01-24,6.62,6.69,6.76,6.6,20661.77
2019-01-25,6.69,6.62,6.72,6.61,17548.04
2019-01-28,6.62,6.49,6.72,6.47,27871.01
2019-01-29,6.47,6.47,6.53,6.31,25749.01
2019-01-30,6.44,6.41,6.58,6.39,26055.94
2019-01-31,6.53,6.55,6.6,6.46,28859.94
2019-02-01,6.55,6.83,6.88,6.54,56303.67
2019-02-11,6.87,6.99,7.01,6.78,46396.44
2019-02-12,6.98,7.12,7.2,6.93,65131.27
2019-02-13,7.11,7.14,7.17,7.07,57998.09
2019-02-14,7.12,7.13,7.28,7.09,50420.86
2019-02-15,7.14,7.07,7.23,7.02,46869.63
2019-02-18,7.13,7.26,7.27,7.09,50081.49
2019-02-19,7.27,7.18,7.32,7.06,51040.55
2019-02-20,7.18,7.15,7.22,7.09,37180.86
2019-02-21,7.15,7.11,7.37,7.09,68584.62
2019-02-22,7.11,7.27,7.28,7.07,47167.39
2019-02-25,7.3,7.54,7.6,7.29,79218.85
2019-02-26,7.54,7.53,7.72,7.37,66345.26
2019-02-27,7.56,7.59,7.82,7.46,69868.52
2019-02-28,7.58,7.75,7.82,7.58,57615.74
2019-03-01,7.74,7.72,7.76,7.63,39229.9
2019-03-04,7.79,7.75,7.9,7.66,59504.27
2019-03-05,7.72,7.85,7.86,7.66,52404.05
2019-03-06,7.87,7.96,7.96,7.8,54279.78
2019-03-07,7.92,8.06,8.14,7.87,61987.14
2019-03-08,8.0,7.71,8.03,7.67,54973.32
2019-03-11,7.71,8.33,8.35,7.71,85884.99
2019-03-12,8.33,8.45,8.71,8.24,83280.51
2019-03-13,8.44,8.31,8.71,8.24,79491.33
2019-03-14,8.19,8.32,8.52,8.0,61989.77
2019-03-15,8.36,8.25,8.45,8.18,43213.19
2019-03-18,8.27,8.37,8.4,8.16,35383.56
2019-03-19,8.37,8.46,8.62,8.37,46210.06
2019-03-20,8.42,8.26,8.45,8.16,48616.89
2019-03-21,8.29,8.23,8.34,8.18,38547.28
2019-03-22,8.27,8.29,8.32,8.14,42874.48
2019-03-25,8.21,8.51,8.77,8.18,93977.15
2019-03-26,8.51,8.29,8.63,8.11,65410.34
2019-03-27,8.37,8.23,8.41,8.12,35101.32
2019-03-28,8.29,8.01,8.31,7.97,49311.0
2019-03-29,8.05,8.25,8.27,7.98,45669.95
2019-04-01,8.27,8.71,8.98,8.27,116729.63
2019-04-02,8.83,8.96,9.14,8.66,102185.98
2019-04-03,9.01,8.97,9.01,8.81,57982.21
2019-04-04,9.1,8.92,9.1,8.83,54228.11
2019-04-08,9.02,8.74,9.04,8.69,59421.86
2019-04-09,8.78,8.79,8.82,8.64,27550.8
2019-04-10,8.75,8.69,8.79,8.63,32485.71
2019-04-11,8.68,8.49,8.75,8.48,37415.93
2019-04-12,8.48,8.53,8.57,8.39,32299.46
2019-04-15,8.63,8.4,8.72,8.4,30645.2
2019-04-16,8.52,8.68,8.71,8.42,39435.96
2019-04-17,8.71,8.66,8.76,8.62,29774.32
2019-04-18,8.66,8.68,8.78,8.61,31994.3
2019-04-19,8.75,8.66,8.81,8.51,37007.74
2019-04-22,8.67,8.83,8.89,8.61,47101.32
2019-04-23,8.67,8.29,8.72,8.25,69351.58
2019-04-24,8.33,8.37,8.4,8.22,31876.43
2019-04-25,8.37,8.2,8.53,8.18,42545.22
2019-04-26,8.16,7.99,8.18,7.97,41264.65
2019-04-29,7.98,8.0,8.19,7.94,37078.81
2019-04-30,8.04,8.13,8.23,8.04,21743.29
2019-05-06,7.94,7.47,8.1,7.34,46619.59
2019-05-07,7.48,7.59,7.66,7.46,21203.75
2019-05-08,7.45,7.61,7.71,7.37,16654.48
2019-05-09,7.61,7.52,7.66,7.49,16866.0
2019-05-10,7.58,7.85,7.85,7.48,31626.17
2019-05-13,7.75,7.86,7.86,7.67,18764.27
2019-05-14,7.74,7.73,7.9,7.72,22728.91
2019-05-15,7.84,7.9,7.95,7.8,22359.0
2019-05-16,7.89,7.95,8.08,7.82,26446.8
2019-05-17,7.9,7.64,7.95,7.63,24289.25
2019-05-20,7.55,7.89,7.89,7.55,21442.88
2019-05-21,7.92,7.96,8.05,7.86,20621.37
2019-05-22,7.89,7.87,7.98,7.79,18662.06
2019-05-23,7.83,7.76,7.92,7.72,16682.89
2019-05-24,7.74,7.64,7.79,7.56,16580.23
2019-05-27,7.69,7.89,7.96,7.58,15551.0
2019-05-28,7.89,7.86,7.95,7.81,15540.0
2019-05-29,7.86,7.8,7.92,7.77,14516.0
2019-05-30,7.74,7.81,7.83,7.64,13358.0
2019-05-31,7.77,7.79,7.89,7.73,12322.0
2019-06-03,7.8,7.77,7.85,7.61,15778.4
2019-06-04,7.77,7.56,7.77,7.53,19556.47
2019-06-05,7.6,7.58,7.69,7.57,12485.42
2019-06-06,7.6,7.49,7.64,7.45,10809.0
2019-06-10,7.53,7.61,7.63,7.5,10125.58
2019-06-11,7.63,7.83,7.85,7.58,16835.51
2019-06-12,7.8,7.77,7.84,7.72,12102.0
2019-06-13,7.74,7.78,7.8,7.65,13367.0
2019-06-14,7.79,7.58,7.82,7.58,15286.36
2019-06-17,7.43,7.46,7.6,7.41,20355.38
2019-06-18,7.46,7.48,7.58,7.43,13407.0
2019-06-19,7.62,7.54,7.64,7.54,18695.44
2019-06-20,7.56,7.76,7.8,7.53,23973.5
2019-06-21,7.79,7.87,7.88,7.79,24955.14
2019-06-24,7.87,7.89,7.9,7.78,17249.46
2019-06-25,7.8,7.82,7.89,7.66,21648.45
2019-06-26,7.77,7.89,7.93,7.74,24136.96
2019-06-27,7.86,7.85,7.97,7.82,23714.61
2019-06-28,7.85,7.77,7.87,7.76,19952.85
2019-07-01,7.91,8.0,8.01,7.84,33306.61
2019-07-02,7.94,8.03,8.06,7.94,29880.17
2019-07-03,8.06,8.01,8.12,7.96,24972.96
2019-07-04,8.03,8.1,8.16,8.03,29136.75
2019-07-05,8.08,8.09,8.14,8.02,20541.5
2019-07-08,8.08,7.89,8.08,7.86,24427.41
2019-07-09,7.96,7.85,7.96,7.78,15385.0
2019-07-10,7.9,7.98,8.09,7.86,26734.4
2019-07-11,7.96,7.88,8.02,7.82,17330.0
2019-07-12,7.89,7.89,7.91,7.82,11352.0
2019-07-15,8.1,8.27,8.68,8.07,78742.89
2019-07-16,8.29,8.36,8.49,8.25,60524.56
2019-07-17,8.34,8.18,8.35,8.16,46537.22
2019-07-18,8.13,8.07,8.17,8.05,26250.01
2019-07-19,8.08,8.02,8.16,7.99,24192.0
2019-07-22,8.07,7.81,8.07,7.78,26091.81
2019-07-23,7.81,7.9,7.92,7.79,17789.91
2019-07-24,7.93,8.31,8.35,7.84,43972.94
2019-07-25,8.38,8.47,8.61,8.24,92931.33
2019-07-26,8.37,8.63,8.89,8.29,88857.63
2019-07-29,8.9,8.52,9.01,8.49,80541.29
2019-07-30,8.56,8.45,8.61,8.37,58770.06
2019-07-31,8.44,8.85,9.01,8.4,121880.11
2019-08-01,8.74,8.7,8.79,8.58,63770.19
2019-08-02,8.46,8.67,8.77,8.46,58787.0
2019-08-05,8.59,8.28,8.59,8.26,69689.96
2019-08-06,8.11,7.96,8.14,7.77,66324.07
2019-08-07,8.01,7.7,8.03,7.7,54844.03
2019-08-08,7.7,7.74,7.81,7.68,40304.25
2019-08-09,7.76,7.52,7.83,7.48,52675.87
2019-08-12,7.54,7.64,7.64,7.41,35597.0
2019-08-13,7.55,7.48,7.57,7.44,29311.34
2019-08-14,7.63,7.49,7.63,7.48,30919.0
2019-08-15,7.32,7.5,7.55,7.0,33543.26
2019-08-16,7.5,7.52,7.6,7.45,24453.68
2019-08-19,7.57,7.77,7.77,7.54,39274.36
2019-08-20,7.75,7.74,7.8,7.7,25944.26
2019-08-21,7.74,7.72,7.82,7.69,18417.02
2019-08-22,7.73,7.96,7.99,7.73,69566.99
2019-08-23,7.99,7.91,8.09,7.87,41243.01
2019-08-26,7.72,7.82,7.9,7.72,31592.62
2019-08-27,7.82,7.93,7.95,7.76,34829.16
2019-08-28,7.9,8.16,8.19,7.88,66639.95
2019-08-29,8.14,8.26,8.26,8.05,59457.73
2019-08-30,8.85,9.08,9.08,8.5,285250.74
2019-09-02,9.56,9.99,9.99,9.42,445339.18
2019-09-03,9.73,9.68,9.85,9.58,325798.7
2019-09-04,9.57,9.56,9.7,9.45,188180.3
2019-09-05,9.7,9.66,10.1,9.58,299833.09
2019-09-06,9.7,9.98,10.01,9.56,216623.67
2019-09-09,10.08,9.91,10.08,9.8,180989.76
2019-09-10,9.92,9.73,10.4,9.71,216813.8
2019-09-11,9.78,9.74,9.96,9.57,133725.83
2019-09-12,9.78,9.78,9.89,9.55,131180.16
2019-09-16,9.56,9.69,9.7,9.35,176891.11
2019-09-17,9.7,9.24,9.7,9.13,134792.78
2019-09-18,9.31,9.21,9.43,9.17,79104.93
2019-09-19,9.24,9.37,9.45,9.24,76885.02
2019-09-20,9.39,9.5,9.5,9.23,96610.77
2019-09-23,9.39,9.57,9.87,9.31,138502.0
2019-09-24,10.07,10.18,10.52,10.05,283667.84
2019-09-25,10.18,10.19,10.52,10.07,231038.46
2019-09-26,10.2,9.62,10.27,9.62,147755.0
2019-09-27,9.75,10.24,10.27,9.71,151969.72
2019-09-30,10.24,10.1,10.42,10.03,96776.99
2019-10-08,9.9,9.86,10.29,9.8,92702.58
2019-10-09,9.85,9.98,10.05,9.71,70185.61
2019-10-10,9.99,9.89,10.03,9.64,116926.67
2019-10-11,9.87,9.75,9.98,9.74,76575.97
2019-10-14,9.91,10.08,10.26,9.78,122760.2
2019-10-15,10.03,9.7,10.03,9.66,88453.0
2019-10-16,9.77,9.48,9.82,9.46,83129.73
2019-10-17,9.47,9.47,9.62,9.42,44099.77
2019-10-18,9.57,9.41,9.71,9.39,60332.92
2019-10-21,9.47,9.4,9.48,9.22,49367.0
2019-10-22,9.45,9.54,9.6,9.4,44298.52
2019-10-23,9.56,9.26,9.6,9.19,61987.38
2019-10-24,9.22,9.28,9.35,9.15,37694.0
2019-10-25,9.29,9.4,9.45,9.23,46889.0
2019-10-28,9.34,9.54,9.6,9.34,50243.41
2019-10-29,9.54,9.57,9.66,9.36,52748.54
2019-10-30,9.36,8.93,9.4,8.87,138374.69
2019-10-31,8.95,9.22,9.34,8.95,114347.7
2019-11-01,9.1,9.4,9.5,9.1,65547.41
2019-11-04,9.48,9.29,9.48,9.23,52178.04
2019-11-05,9.34,9.36,9.44,9.25,47252.76
2019-11-06,9.42,9.27,9.59,9.19,53937.21
2019-11-07,9.28,9.54,9.58,9.22,67455.52
2019-11-08,9.62,9.51,9.68,9.46,62833.54
2019-11-11,9.57,9.54,9.77,9.48,103126.49
2019-11-12,9.48,9.66,9.73,9.21,84545.17
2019-11-13,9.64,9.36,9.64,9.29,68639.23
2019-11-14,9.42,9.28,9.44,9.23,52194.68
2019-11-15,9.26,8.93,9.28,8.93,75746.0
2019-11-18,8.96,9.0,9.08,8.93,38329.19
2019-11-19,9.08,9.24,9.28,9.05,46673.68
2019-11-20,9.19,9.21,9.38,9.19,38501.48
2019-11-21,9.21,9.19,9.33,9.11,27230.02
2019-11-22,9.19,9.09,9.35,9.03,36840.0
2019-11-25,9.09,9.03,9.14,8.94,25270.0
2019-11-26,9.09,9.0,9.1,8.97,17712.02
2019-11-27,9.02,9.0,9.03,8.89,23558.5
2019-11-28,8.98,8.96,9.03,8.91,20509.0
2019-11-29,8.97,9.01,9.05,8.95,22468.02
2019-12-02,9.06,9.1,9.21,9.05,28877.99
2019-12-03,9.06,9.15,9.15,8.99,22817.97
2019-12-04,9.05,9.16,9.22,9.05,23487.3
2019-12-05,9.28,9.41,9.49,9.25,57662.97
2019-12-06,9.4,9.41,9.45,9.32,30609.0
2019-12-09,9.47,9.5,9.5,9.33,41965.33
2019-12-10,9.5,9.52,9.61,9.24,94243.77
2019-12-11,9.45,9.3,9.45,9.28,53968.03
2019-12-12,9.3,9.31,9.38,9.29,35334.95
2019-12-13,9.35,9.52,9.53,9.31,57316.01
2019-12-16,9.56,9.78,9.89,9.5,93478.18
2019-12-17,9.78,9.9,9.96,9.75,79512.64
2019-12-18,9.89,9.87,10.05,9.81,62800.92
2019-12-19,9.96,9.91,10.15,9.88,61424.41
2019-12-20,10.05,9.84,10.1,9.84,60462.52
2019-12-23,9.84,9.75,10.07,9.72,61381.26
2019-12-24,9.8,10.14,10.24,9.79,88072.45
2019-12-25,10.1,10.15,10.2,10.01,51118.68
2019-12-26,10.18,10.08,10.18,9.98,47776.55
2019-12-27,10.09,9.8,10.15,9.78,73119.28
2019-12-30,9.7,9.94,10.0,9.7,55427.72
2019-12-31,9.96,9.95,10.05,9.89,34163.42
2020-01-02,10.02,10.12,10.2,9.99,63846.4
2020-01-03,10.13,10.44,10.48,10.02,96343.6
2020-01-06,10.81,10.64,10.97,10.55,161176.69
2020-01-07,10.55,10.5,10.64,10.37,102216.39
2020-01-08,10.51,10.41,10.79,10.37,126978.77
2020-01-09,10.34,10.42,10.52,10.29,75614.03
2020-01-10,10.43,10.31,10.44,10.23,51841.18
2020-01-13,10.34,10.5,10.53,10.29,53642.13
2020-01-14,10.5,10.4,10.56,10.39,57765.0
2020-01-15,10.34,10.36,10.43,10.18,52750.8
2020-01-16,10.41,10.29,10.48,10.27,37486.42
2020-01-17,10.46,10.53,10.61,10.37,74877.64
2020-01-20,10.53,10.48,10.53,10.23,64022.94
2020-01-21,10.43,10.24,10.43,10.2,54003.79
2020-01-22,10.15,10.09,10.23,9.9,69697.15
2020-01-23,10.1,10.11,10.48,9.93,92579.72
2020-02-03,9.1,9.1,9.19,9.1,18812.0
2020-02-04,8.91,9.37,9.41,8.87,85884.72
2020-02-05,9.58,9.87,9.92,9.45,121978.07
2020-02-06,10.05,10.1,10.34,9.75,120215.46
2020-02-07,10.15,11.11,11.11,10.11,249122.68
2020-02-10,11.51,10.88,11.51,10.71,244033.12
2020-02-11,10.73,10.27,10.79,10.22,170117.79
2020-02-12,10.19,10.36,10.44,10.15,86148.13
2020-02-13,10.34,10.25,10.55,10.2,83634.9
2020-02-14,10.2,10.3,10.51,10.17,85725.79
2020-02-17,10.3,10.69,10.73,10.27,113310.56
2020-02-18,10.88,10.64,10.96,10.48,137147.98
2020-02-19,10.62,10.7,10.86,10.44,114545.21
2020-02-20,10.72,10.78,10.86,10.54,109099.85
2020-02-21,10.72,10.82,10.98,10.71,106793.71
2020-02-24,10.76,10.81,10.81,10.55,115173.58
2020-02-25,10.41,10.52,10.6,10.2,127287.61
2020-02-26,10.32,10.57,10.97,10.27,149728.36
2020-02-27,10.69,11.13,11.13,10.62,183012.9
2020-02-28,10.81,10.4,10.91,10.39,154743.13
2020-03-02,10.53,11.03,11.11,10.46,146939.12
2020-03-03,11.19,11.51,11.68,11.03,223772.79
2020-03-04,11.42,11.39,11.55,11.14,145805.52
2020-03-05,11.56,11.14,11.61,11.13,140355.09
2020-03-06,11.02,10.87,11.09,10.81,94584.0
2020-03-09,10.57,10.24,10.73,10.24,114644.01
2020-03-10,10.01,10.51,10.53,10.01,87576.69
2020-03-11,10.48,10.36,10.65,10.35,56725.32
2020-03-12,10.2,10.05,10.26,9.92,62502.91
2020-03-13,9.41,9.64,9.78,9.11,112983.98
2020-03-16,9.66,9.01,9.78,8.98,76315.49
2020-03-17,9.11,9.26,9.34,8.94,66238.71
2020-03-18,9.34,9.13,9.53,9.12,45970.22
2020-03-19,9.12,9.34,9.41,9.05,44824.35
2020-03-20,9.41,9.43,9.47,9.27,30185.83
2020-03-23,9.22,9.17,9.27,8.99,37849.3
2020-03-24,9.29,9.34,9.38,9.1,26306.35
2020-03-25,9.52,9.41,9.54,9.36,35909.08
2020-03-26,9.45,9.16,9.45,9.16,28219.3
2020-03-27,9.27,9.12,9.31,9.09,25620.0
2020-03-30,9.03,9.24,9.26,8.62,53611.44
2020-03-31,9.27,9.17,9.31,9.16,22204.41
2020-04-01,9.15,9.06,9.27,9.04,23683.29
2020-04-02,9.01,9.2,9.22,8.91,27248.23
2020-04-03,9.17,8.97,9.25,8.94,28808.45
2020-04-07,9.15,9.26,9.29,9.11,36169.79
2020-04-08,9.31,9.33,9.4,9.22,32343.41
2020-04-09,9.34,9.45,9.54,9.34,36560.81
2020-04-10,9.44,9.19,9.49,9.15,35968.74
2020-04-13,9.09,9.09,9.2,9.06,18359.42
2020-04-14,9.12,9.22,9.24,9.12,20598.0
2020-04-15,9.25,9.24,9.31,9.17,25629.47
2020-04-16,9.22,9.36,9.4,9.15,24507.85
2020-04-17,9.37,9.56,9.6,9.37,50277.57
2020-04-20,9.65,9.5,9.65,9.38,41626.56
2020-04-21,9.4,9.21,9.4,9.13,49784.41
2020-04-22,9.12,9.18,9.21,8.94,62424.69
2020-04-23,9.13,9.08,9.18,9.03,29930.88
2020-04-24,9.06,8.86,9.06,8.84,32728.88
2020-04-27,8.95,9.03,9.19,8.89,41133.47
2020-04-28,9.03,8.77,9.06,8.61,27744.0
2020-04-29,8.78,8.78,8.85,8.76,16131.01
2020-04-30,8.83,8.99,9.0,8.79,25989.72
2020-05-06,8.87,9.06,9.1,8.83,31520.52
2020-05-07,9.02,8.99,9.08,8.97,21962.03
2020-05-08,9.08,9.2,9.34,9.04,49704.85
2020-05-11,9.21,9.13,9.31,9.05,48278.09
2020-05-12,9.54,9.38,9.64,9.32,88817.83
2020-05-13,9.29,9.31,9.34,9.2,45773.0
2020-05-14,9.29,9.22,9.35,9.18,38167.08
2020-05-15,9.3,9.22,9.31,9.19,34048.0
2020-05-18,9.16,9.26,9.31,9.11,33846.5
2020-05-19,9.29,9.25,9.32,9.2,24046.0
2020-05-20,9.24,8.96,9.25,8.94,43720.31
2020-05-21,8.98,8.82,9.02,8.78,36656.3
2020-05-22,8.84,8.78,8.92,8.71,23893.52
2020-05-25,8.78,8.66,8.86,8.63,24633.01
2020-05-26,8.81,8.99,9.03,8.81,45188.08
2020-05-27,8.96,9.0,9.13,8.94,28044.38
2020-05-28,8.99,8.95,9.05,8.87,32117.51
2020-05-29,8.96,8.95,9.0,8.87,20392.82
2020-06-01,8.95,9.11,9.13,8.95,38010.52
2020-06-02,9.13,9.16,9.19,9.08,30092.55
2020-06-03,9.19,9.05,9.2,9.05,35774.68
2020-06-04,9.07,9.08,9.13,9.01,23519.55
2020-06-05,9.09,9.02,9.12,8.96,22436.41
2020-06-08,9.07,9.07,9.12,9.03,24446.04
2020-06-09,9.12,9.09,9.15,9.05,23580.0
2020-06-10,9.1,8.96,9.11,8.95,24396.18
2020-06-11,8.94,8.95,9.04,8.86,22133.76
2020-06-12,8.85,8.88,8.91,8.73,20293.76
2020-06-15,8.84,8.85,8.95,8.8,23423.5
2020-06-16,8.86,9.07,9.1,8.86,40243.18
2020-06-17,9.09,9.12,9.17,9.03,36320.18
2020-06-18,9.1,9.03,9.11,8.99,29764.0
2020-06-19,9.03,8.98,9.05,8.93,37837.17
2020-06-22,9.0,9.04,9.04,8.97,31027.87
2020-06-23,9.03,8.98,9.03,8.93,26352.0
2020-06-24,8.98,9.08,9.13,8.93,41958.56
2020-06-29,9.06,9.28,9.29,8.96,74594.42
2020-06-30,9.27,9.24,9.4,9.21,48917.76
2020-07-01,9.24,9.21,9.3,9.12,39126.98
2020-07-02,9.24,9.44,9.47,9.21,69640.41
2020-07-03,9.47,9.93,10.13,9.36,131792.49
2020-07-06,10.04,10.15,10.28,9.95,109722.61
2020-07-07,10.17,10.05,10.23,9.98,104176.2
2020-07-08,10.02,10.35,10.43,10.0,91392.74
2020-07-09,10.54,10.32,10.54,10.19,116403.99
2020-07-10,10.24,10.11,10.39,10.11,81125.86
2020-07-13,10.18,10.63,10.76,10.18,116812.68
2020-07-14,10.48,10.7,10.79,10.41,105261.77
2020-07-15,10.82,10.43,10.87,10.34,101305.0
2020-07-16,10.43,10.05,10.5,10.02,71448.41
2020-07-17,10.13,10.14,10.3,9.98,50630.18
2020-07-20,10.41,10.89,10.99,10.37,165503.5
2020-07-21,10.87,10.69,10.96,10.56,101973.15
2020-07-22,10.62,10.64,10.84,10.49,81937.26
2020-07-23,10.63,10.74,10.81,10.45,88506.04
2020-07-24,11.28,10.63,11.48,10.61,257105.95
2020-07-27,10.63,10.32,10.78,10.12,128491.17
2020-07-28,10.32,10.21,10.51,10.11,85626.56
2020-07-29,10.1,10.51,10.56,10.07,72388.0
2020-07-30,10.52,10.53,10.86,10.41,99494.33
2020-07-31,10.49,10.53,10.61,10.36,78105.89
2020-08-03,10.57,11.09,11.13,10.57,129096.23
2020-08-04,11.09,10.84,11.09,10.79,85728.53
2020-08-05,10.9,11.11,11.16,10.82,91890.52
2020-08-06,11.15,11.16,11.31,10.95,104940.76
2020-08-07,11.04,11.0,11.22,10.85,81803.1
2020-08-10,11.06,11.02,11.48,11.0,96527.84
2020-08-11,10.94,11.41,11.74,10.88,199094.42
2020-08-12,11.4,10.71,11.4,10.44,174129.88
2020-08-13,10.71,11.44,11.7,10.57,220896.32
2020-08-14,11.48,11.44,11.86,11.38,247697.08
2020-08-17,11.35,11.38,11.49,11.21,167495.0
2020-08-18,11.61,11.57,11.67,11.28,152404.73
2020-08-19,11.54,11.05,11.54,11.05,126058.8
2020-08-20,10.92,10.68,11.01,10.64,88468.22
2020-08-21,10.73,10.85,10.85,10.59,69654.0
2020-08-24,10.75,10.9,10.92,10.67,51881.71
2020-08-25,10.91,10.72,10.93,10.68,52555.46
2020-08-26,10.74,10.46,10.78,10.43,76336.0
2020-08-27,10.54,10.52,10.63,10.37,46338.0
2020-08-28,10.44,10.65,10.72,10.44,42660.96
2020-08-31,10.68,10.72,10.91,10.63,55696.42
2020-09-01,10.81,10.81,10.87,10.62,59035.35
2020-09-02,10.81,10.69,10.89,10.61,49505.56
2020-09-03,10.7,10.47,10.73,10.41,63500.56
2020-09-04,10.35,10.3,10.39,10.26,50894.0
2020-09-07,10.32,10.13,10.39,10.09,57642.37
2020-09-08,10.15,10.21,10.3,10.04,48583.0
2020-09-09,10.11,10.1,10.25,9.98,39912.74
2020-09-10,10.18,9.84,10.2,9.81,42516.0
2020-09-11,9.82,9.95,10.01,9.78,25619.45
2020-09-14,10.01,10.04,10.09,9.95,24022.0
2020-09-15,10.05,10.06,10.12,9.99,19546.0
2020-09-16,10.06,9.91,10.08,9.89,18745.0
2020-09-17,9.93,10.02,10.08,9.81,24047.0
2020-09-18,10.09,10.15,10.2,10.0,37651.0
2020-09-21,10.13,10.22,10.33,10.1,41171.0
2020-09-22,10.15,10.05,10.22,9.98,26542.0
2020-09-23,10.11,10.18,10.21,10.08,27050.0
2020-09-24,10.11,9.96,10.11,9.91,28683.0
2020-09-25,9.93,9.85,10.01,9.82,17560.74
2020-09-28,9.89,9.89,9.95,9.79,21312.2
2020-09-29,9.97,10.17,10.28,9.97,40337.0
2020-09-30,10.22,10.19,10.28,10.1,24839.22
2020-10-09,10.35,10.31,10.43,10.29,33781.0
2020-10-12,10.31,10.5,10.52,10.31,59234.3
2020-10-13,10.47,10.43,10.48,10.36,35861.5
2020-10-14,10.43,10.43,10.61,10.41,33690.0
2020-10-15,10.39,10.28,10.43,10.28,26558.72
2020-10-16,10.28,10.19,10.34,10.16,34799.87
2020-10-19,10.21,10.18,10.43,10.17,35451.0
2020-10-20,10.19,10.34,10.37,10.16,23117.5
2020-10-21,10.34,10.21,10.39,10.11,22011.0
2020-10-22,10.37,10.28,10.48,10.27,38429.0
2020-10-23,10.25,10.39,10.56,10.25,54431.48
2020-10-26,10.56,10.68,10.79,10.48,77002.85
2020-10-27,10.57,10.6,10.73,10.52,39085.3
2020-10-28,10.6,10.77,10.79,10.4,59194.0
2020-10-29,10.54,10.76,10.98,10.52,78723.1
2020-10-30,10.83,10.63,10.93,10.61,67219.78
2020-11-02,10.65,10.9,11.01,10.56,77542.82
2020-11-03,10.89,11.0,11.09,10.85,68440.18
2020-11-04,11.0,10.96,11.07,10.86,39309.0
2020-11-05,10.93,10.95,11.09,10.92,42215.0
2020-11-06,11.03,10.89,11.05,10.85,35934.87
2020-11-09,10.92,10.98,11.06,10.92,51855.35
2020-11-10,11.05,10.68,11.05,10.62,63047.46
2020-11-11,10.78,10.66,10.84,10.62,30844.27
2020-11-12,10.68,10.63,10.74,10.57,21275.68
2020-11-13,10.61,10.6,10.66,10.39,35386.68
2020-11-16,10.6,10.68,10.72,10.53,26849.0
2020-11-17,10.7,10.51,10.72,10.41,33501.0
2020-11-18,10.5,10.57,10.62,10.43,20161.26
2020-11-19,10.54,10.85,10.89,10.46,47781.35
2020-11-20,10.88,10.88,10.95,10.76,43408.0
2020-11-23,11.02,11.1,11.18,10.96,92091.39
2020-11-24,11.1,11.05,11.44,11.03,91649.2
2020-11-25,10.98,10.91,11.14,10.87,55750.0
2020-11-26,10.96,11.12,11.16,10.88,48696.81
2020-11-27,11.09,11.11,11.18,10.91,43558.01
2020-11-30,11.15,10.96,11.24,10.95,45918.02
2020-12-01,10.92,11.11,11.16,10.8,47551.47
2020-12-02,11.08,11.1,11.21,10.97,37353.69
2020-12-03,11.16,10.73,11.16,10.73,62911.09
2020-12-04,10.76,10.69,10.79,10.57,37582.0
2020-12-07,10.72,10.67,10.79,10.67,25774.21
2020-12-08,10.65,10.55,10.71,10.52,32377.0
2020-12-09,10.56,10.26,10.6,10.24,54227.02
2020-12-10,10.2,10.13,10.28,10.09,44180.51
2020-12-11,10.11,9.87,10.16,9.61,68128.2
2020-12-14,9.78,10.01,10.08,9.7,44481.05
2020-12-15,10.01,10.06,10.11,9.97,24223.75
2020-12-16,10.05,9.78,10.13,9.76,22973.0
2020-12-17,9.77,9.83,9.84,9.63,24463.0
2020-12-18,9.82,9.73,9.89,9.67,25669.5
2020-12-21,9.73,9.81,9.87,9.63,21848.4
2020-12-22,9.82,9.69,9.85,9.61,31219.63
2020-12-23,9.63,9.72,9.8,9.54,27251.69
2020-12-24,9.74,9.82,10.02,9.73,47758.03
2020-12-25,9.76,9.69,9.76,9.6,25239.2
2020-12-28,9.69,9.49,9.76,9.36,41493.62
2020-12-29,9.49,9.58,9.61,9.41,25217.42
2020-12-30,9.61,9.61,9.64,9.34,32689.0
2020-12-31,9.5,9.89,10.0,9.5,44174.76
2021-01-04,9.96,10.28,10.42,9.89,62422.65
2021-01-05,10.25,11.31,11.31,10.23,288536.04
2021-01-06,11.67,11.25,11.74,11.1,234230.9
2021-01-07,11.15,10.91,11.18,10.77,141632.8
2021-01-08,11.03,10.81,11.24,10.61,119059.53
2021-01-11,10.86,10.61,11.1,10.54,97248.57
2021-01-12,10.62,10.85,11.09,10.62,96943.77
2021-01-13,10.81,10.57,10.93,10.52,87946.8
2021-01-14,10.57,10.38,10.66,10.24,65251.68
2021-01-15,10.31,10.31,10.39,10.11,58165.32
2021-01-18,10.28,10.39,10.57,10.24,46323.02
2021-01-19,10.39,10.17,10.5,10.17,50828.54
2021-01-20,10.16,10.2,10.31,10.08,35024.0
2021-01-21,10.18,10.35,10.48,10.13,52384.17
2021-01-22,10.37,10.45,10.45,10.11,52624.27
2021-01-25,10.47,10.56,10.79,10.45,88911.0
2021-01-26,10.54,9.89,10.54,9.87,83758.53
2021-01-27,9.92,9.88,10.05,9.82,33647.03
2021-01-28,9.81,9.85,9.95,9.73,28526.53
2021-01-29,9.88,9.93,9.97,9.65,34803.76
2021-02-01,9.87,9.94,10.02,9.8,19157.01
2021-02-02,9.94,9.75,9.95,9.7,35739.01
2021-02-03,9.79,10.09,10.15,9.58,73227.23
2021-02-04,9.99,9.82,10.04,9.44,83603.01
2021-02-05,9.67,9.69,9.8,9.51,35747.03
2021-02-08,9.73,9.73,9.78,9.6,22370.0
2021-02-09,9.76,9.92,9.95,9.64,40333.0
2021-02-10,9.89,9.86,9.9,9.67,29885.98
2021-02-18,9.91,9.94,10.02,9.86,32719.69
2021-02-19,9.87,10.38,10.41,9.86,47344.7
2021-02-22,10.67,10.7,10.92,10.44,82264.53
2021-02-23,10.63,10.73,10.79,10.51,41712.22
2021-02-24,10.74,10.8,10.89,10.5,49259.38
2021-02-25,10.75,10.89,11.1,10.68,51291.32
2021-02-26,10.73,11.0,11.05,10.54,54418.32
2021-03-01,11.12,11.15,11.18,10.92,53659.85
2021-03-02,11.12,10.99,11.15,10.76,51509.78
2021-03-03,10.95,11.03,11.15,10.89,44704.94
2021-03-04,11.04,11.16,11.4,10.96,79287.56
2021-03-05,11.15,11.32,11.5,10.93,59440.32
2021-03-08,11.46,11.08,11.49,10.87,75078.07
2021-03-09,11.03,11.07,11.37,10.71,58096.54
2021-03-10,11.12,10.7,11.2,10.66,53343.93
2021-03-11,10.76,11.34,11.51,10.61,84314.35
2021-03-12,11.34,11.48,11.51,11.23,58397.09
2021-03-15,11.44,11.92,12.09,11.35,118297.5
2021-03-16,11.87,11.86,12.1,11.63,89563.23
2021-03-17,11.77,11.81,11.95,11.67,47838.23
2021-03-18,11.77,11.67,11.83,11.51,49348.39
2021-03-19,11.55,11.63,11.75,11.48,41663.01
2021-03-22,11.57,11.7,11.9,11.51,45182.0
2021-03-23,11.65,11.47,11.69,11.28,50093.43
2021-03-24,11.46,11.59,11.83,11.46,58523.77
2021-03-25,11.48,11.98,12.16,11.45,101524.56
2021-03-26,11.9,12.24,12.25,11.83,81115.4
2021-03-29,12.36,12.12,12.36,11.92,65061.28
2021-03-30,12.11,12.16,12.24,11.99,37059.17
2021-03-31,12.09,11.96,12.14,11.72,53048.68
2021-04-01,11.96,12.07,12.12,11.81,34349.01
2021-04-02,12.09,11.79,12.1,11.76,38037.4
2021-04-06,11.79,11.82,11.98,11.74,22649.4
2021-04-07,11.75,11.56,11.87,11.53,37706.2
2021-04-08,11.53,11.57,11.8,11.44,34977.18
2021-04-09,11.55,11.28,11.64,11.24,38773.32
2021-04-12,11.33,11.05,11.43,11.0,37217.71
2021-04-13,11.0,10.91,11.11,10.79,33201.2
2021-04-14,10.95,10.94,11.0,10.83,22853.44
2021-04-15,10.94,10.86,11.04,10.74,24086.0
2021-04-16,10.88,11.37,11.44,10.88,50718.81
2021-04-19,11.35,11.54,11.57,11.29,33652.44
2021-04-20,11.67,12.56,12.69,11.67,171961.62
2021-04-21,12.48,12.31,12.75,12.21,124628.86
2021-04-22,12.37,12.68,12.81,12.37,93213.56
2021-04-23,12.68,12.71,12.77,12.51,55648.0
2021-04-26,12.6,12.49,12.77,12.32,102218.02
2021-04-27,12.4,12.38,12.47,12.18,38551.69
2021-04-28,12.36,12.49,12.65,12.26,45213.0
2021-04-29,12.45,12.4,12.6,12.36,33377.0
2021-04-30,12.46,12.29,12.56,12.03,52385.0
2021-05-06,12.12,12.19,12.4,12.09,32542.0
2021-05-07,12.18,11.86,12.21,11.81,47910.76
2021-05-10,11.8,11.93,11.95,11.59,38950.5
2021-05-11,11.79,12.23,12.3,11.71,39712.53
2021-05-12,12.16,12.12,12.42,12.1,32982.6
2021-05-13,12.01,11.97,12.21,11.87,21663.37
2021-05-14,11.97,12.4,12.4,11.97,52340.04
2021-05-17,12.44,12.21,12.75,12.18,60307.41
2021-05-18,12.21,11.91,12.21,11.67,51513.78
2021-05-19,11.9,11.74,11.99,11.73,32698.3
2021-05-20,11.74,11.97,12.03,11.72,27809.0
2021-05-21,11.92,11.53,12.03,11.48,53723.21
2021-05-24,11.48,11.42,11.64,11.4,30575.21
2021-05-25,11.48,11.61,11.62,11.37,36839.0
2021-05-26,11.58,11.27,11.73,11.18,87912.0
2021-05-27,11.26,11.29,11.4,11.2,60001.07
2021-05-28,11.3,11.13,11.38,11.07,63026.56
2021-05-31,11.11,11.3,11.32,11.09,30467.32
2021-06-01,11.31,11.37,11.47,11.26,36540.64
2021-06-02,11.38,11.15,11.38,11.12,34014.5
2021-06-03,11.17,11.16,11.27,11.13,22345.31
2021-06-04,11.14,11.32,11.33,11.11,41497.0
2021-06-07,11.33,11.35,11.54,11.32,45466.31
2021-06-08,11.35,11.4,11.44,11.28,34788.17
2021-06-09,11.4,11.48,11.52,11.38,39647.0
2021-06-10,11.5,11.59,11.64,11.42,39919.13
2021-06-11,11.59,11.2,11.6,11.2,50824.0
2021-06-15,11.21,11.27,11.31,11.15,19608.33
2021-06-16,11.26,11.15,11.29,11.09,22214.52
2021-06-17,11.13,10.98,11.21,10.9,30736.92
2021-06-18,11.02,11.18,11.18,10.86,28124.41
2021-06-21,11.09,11.44,11.48,11.09,40473.5
2021-06-22,11.44,11.44,11.5,11.33,35110.0
2021-06-23,11.47,11.38,11.47,11.31,27528.08
2021-06-24,11.35,11.27,11.44,11.22,30730.0
2021-06-25,11.27,11.42,11.53,11.26,44163.0
2021-06-28,11.44,11.58,11.63,11.44,38634.49
2021-06-29,11.59,11.5,11.62,11.43,32915.0
2021-06-30,11.6,11.75,11.8,11.5,44466.2
2021-07-01,11.99,11.69,12.01,11.57,61451.94
2021-07-02,11.7,11.42,11.72,11.37,40898.92
2021-07-05,11.44,11.52,11.58,11.38,26166.85
2021-07-06,11.48,11.62,11.64,11.4,32687.0
2021-07-07,11.56,12.11,12.16,11.53,103152.65
2021-07-08,12.28,12.39,12.46,11.81,133568.64
2021-07-09,12.18,12.19,12.3,11.99,70612.09
2021-07-12,12.19,12.45,12.65,12.19,78498.51
2021-07-13,12.8,12.78,12.98,12.51,151148.86
2021-07-14,12.77,12.68,13.14,12.68,74937.82
2021-07-15,12.81,12.73,12.91,12.5,57314.62
2021-07-16,12.73,13.16,13.16,12.56,97472.24
2021-07-19,13.24,13.54,13.61,13.08,139341.87
2021-07-20,13.33,13.17,13.4,12.88,105924.75
2021-07-21,13.26,13.36,13.49,12.98,92918.31
2021-07-22,13.37,13.33,13.42,13.02,92896.67
2021-07-23,13.27,13.08,13.33,12.9,68877.02
2021-07-26,13.09,13.01,13.31,12.65,72912.62
2021-07-27,12.87,12.61,13.13,12.58,66649.22
2021-07-28,12.56,12.22,12.56,12.03,69525.11
2021-07-29,12.34,12.37,12.53,12.26,53734.4
2021-07-30,12.37,12.31,12.46,12.11,48644.08
2021-08-02,12.29,12.76,12.88,12.16,67588.89
2021-08-03,12.7,12.58,12.91,12.52,55699.82
2021-08-04,12.67,12.79,12.87,12.49,52974.72
2021-08-05,12.79,13.14,13.33,12.65,106980.74
2021-08-06,13.12,13.19,13.21,12.87,61972.56
2021-08-09,13.1,13.21,13.4,13.02,55970.6
2021-08-10,13.19,13.85,13.96,13.13,153123.69
2021-08-11,13.7,13.61,13.79,13.49,86993.18
2021-08-12,13.67,13.49,13.7,13.34,58317.07
2021-08-13,13.49,13.58,13.81,13.35,63816.33
2021-08-16,13.52,13.25,13.58,13.19,56122.25
2021-08-17,13.32,12.99,13.51,12.98,64513.32
2021-08-18,12.98,13.24,13.59,12.92,59658.98
2021-08-19,13.1,13.65,13.79,13.04,78495.03
2021-08-20,13.51,14.13,14.31,13.42,131031.94
2021-08-23,14.24,14.65,14.84,14.09,215156.02
2021-08-24,14.65,14.82,14.87,14.14,198654.1
2021-08-25,14.81,14.13,14.81,14.03,141029.84
2021-08-26,14.21,14.09,14.54,14.02,122979.38
2021-08-27,14.08,13.95,14.21,13.91,90140.74
2021-08-30,14.0,14.1,14.6,13.93,118384.81
2021-08-31,14.11,13.96,14.25,13.82,85706.27
2021-09-01,13.9,13.81,14.09,13.52,81126.94
2021-09-02,13.85,13.9,14.03,13.58,62746.37
2021-09-03,13.9,13.61,14.34,13.54,109962.92
2021-09-06,13.61,13.63,13.82,13.32,92291.13
2021-09-07,13.64,14.04,14.08,13.55,73875.21
2021-09-08,14.02,13.86,14.14,13.8,64982.68
2021-09-09,13.86,13.7,13.94,13.42,75960.87
2021-09-10,13.7,14.16,14.23,13.54,113695.01
2021-09-13,13.91,13.28,13.91,12.98,205167.47
2021-09-14,13.26,12.76,13.26,12.73,111066.62
2021-09-15,12.75,12.94,13.0,12.67,61115.04
2021-09-16,12.85,12.85,13.12,12.81,62222.5
2021-09-17,12.85,12.79,12.91,12.52,44485.63
2021-09-22,12.62,12.99,13.06,12.53,36526.4
2021-09-23,13.08,13.07,13.08,12.87,36217.53
2021-09-24,13.05,12.94,13.07,12.88,24064.73
2021-09-27,12.89,12.89,13.01,12.46,44322.46
2021-09-28,12.8,12.93,12.96,12.78,19894.11
2021-09-29,12.87,12.67,12.87,12.56,28315.3
2021-09-30,12.67,12.94,12.99,12.64,35162.3
2021-10-08,12.95,12.95,13.1,12.86,22907.8
2021-10-11,12.96,13.08,13.16,12.77,38888.89
2021-10-12,12.98,12.89,13.07,12.63,34488.41
2021-10-13,12.77,12.78,12.91,12.67,27251.99
2021-10-14,12.78,12.81,12.89,12.73,22673.37
2021-10-15,12.7,12.59,12.86,12.52,28562.61
2021-10-18,12.56,12.66,12.71,12.52,20686.21
2021-10-19,12.66,12.68,12.75,12.55,18190.52
2021-10-20,12.68,12.34,12.77,12.31,44296.1
2021-10-21,12.31,12.08,12.42,12.05,46939.4
2021-10-22,12.15,11.9,12.15,11.85,43177.95
2021-10-25,11.8,11.82,11.92,11.66,52843.61
2021-10-26,11.81,12.24,12.28,11.79,63651.45
2021-10-27,12.29,11.98,12.35,11.89,44068.26
2021-10-28,11.79,10.78,11.82,10.78,139189.2
2021-10-29,10.96,10.52,10.98,10.5,112496.69
2021-11-01,10.57,10.76,10.84,10.41,65731.35
2021-11-02,10.87,10.9,11.14,10.65,103174.19
2021-11-03,10.85,10.87,10.95,10.72,38483.06
2021-11-04,10.91,10.97,10.97,10.79,44698.68
2021-11-05,11.03,10.88,11.07,10.86,39303.34
2021-11-08,10.93,10.85,10.99,10.82,34198.71
2021-11-09,10.97,11.28,11.4,10.91,82204.73
2021-11-10,11.22,11.35,11.42,11.18,45070.92
2021-11-11,11.63,11.41,11.72,11.31,56269.08
2021-11-12,11.4,11.59,11.72,11.4,74965.13
2021-11-15,11.58,11.54,11.76,11.48,49880.8
2021-11-16,11.54,11.34,11.72,11.33,60304.35
2021-11-17,11.35,11.59,11.62,11.33,43922.58
2021-11-18,11.61,11.59,11.64,11.46,41222.4
2021-11-19,11.63,11.64,11.72,11.57,50243.6
2021-11-22,11.7,11.76,11.8,11.57,39099.26
2021-11-23,11.76,11.7,11.81,11.62,40362.4
2021-11-24,11.83,11.57,11.92,11.54,69985.29
2021-11-25,11.51,11.47,11.66,11.45,44938.49
2021-11-26,11.46,11.36,11.53,11.33,40774.73
2021-11-29,11.27,11.37,11.49,11.15,38592.24
2021-11-30,11.38,11.49,11.64,11.37,53612.38
2021-12-01,11.52,11.54,11.59,11.37,52860.5
2021-12-02,11.51,11.24,11.56,11.23,57132.4
2021-12-03,11.28,11.41,11.44,11.24,37165.85
2021-12-06,11.41,11.26,11.49,11.24,41249.0
2021-12-07,11.31,10.97,11.35,10.91,56269.17
2021-12-08,11.0,10.97,11.05,10.85,91598.44
2021-12-09,10.97,11.07,11.15,10.94,60068.63
2021-12-10,11.0,10.99,11.1,10.94,40998.15
2021-12-13,11.02,10.98,11.03,10.94,33656.4
2021-12-14,10.97,11.14,11.18,10.83,77772.6
2021-12-15,11.17,11.19,11.34,11.13,54707.42
2021-12-16,11.2,11.33,11.36,11.16,46901.76
2021-12-17,11.33,11.21,11.34,11.18,33864.41
2021-12-20,11.16,10.96,11.23,10.95,46307.42
2021-12-21,10.95,11.03,11.05,10.95,26104.62
2021-12-22,11.03,11.03,11.07,10.99,28842.38
2021-12-23,11.06,10.96,11.06,10.92,27957.38
2021-12-24,10.93,10.9,11.02,10.84,33549.38
2021-12-27,10.85,10.94,11.02,10.75,32499.79
2021-12-28,10.95,11.02,11.02,10.89,24415.83
2021-12-29,11.02,11.15,11.2,10.92,44081.93
2021-12-30,11.12,11.34,11.46,11.09,70471.07
2021-12-31,11.38,11.35,11.45,11.29,45441.31
2022-01-04,11.35,11.44,11.5,11.29,47080.64
2022-01-05,11.44,11.28,11.48,11.18,52065.53
2022-01-06,11.29,11.31,11.41,11.21,38730.07
2022-01-07,11.27,11.22,11.44,11.21,54322.78
2022-01-10,11.21,11.36,11.44,11.15,51494.42
2022-01-11,11.37,11.22,11.43,11.18,46540.11
2022-01-12,11.2,11.28,11.31,11.18,31277.4
2022-01-13,11.31,11.18,11.4,11.17,49558.9
2022-01-14,11.15,10.92,11.21,10.91,55508.33
2022-01-17,10.94,11.15,11.36,10.94,47108.12
2022-01-18,11.2,11.08,11.28,11.0,47690.0
2022-01-19,10.96,10.9,11.12,10.85,53103.4
2022-01-20,11.13,10.92,11.18,10.81,72205.02
2022-01-21,10.9,10.49,10.9,10.45,77963.96
2022-01-24,10.45,10.38,10.5,10.34,32775.41
2022-01-25,10.39,10.06,10.5,10.06,49434.6
2022-01-26,10.12,10.06,10.24,9.94,25911.82
2022-01-27,10.02,9.85,10.09,9.85,30670.14
2022-01-28,9.85,10.04,10.17,9.84,33389.74
2022-02-07,9.43,9.53,9.73,9.38,107424.03
2022-02-08,9.54,9.73,9.83,9.49,47881.62
2022-02-09,9.78,10.01,10.03,9.74,49086.82
2022-02-10,9.98,9.87,9.99,9.81,34834.31
2022-02-11,9.82,9.6,9.86,9.56,39680.2
2022-02-14,9.61,9.61,9.77,9.56,29923.4
2022-02-15,9.62,9.69,9.72,9.57,25200.6
2022-02-16,9.7,9.67,9.74,9.64,21197.13
2022-02-17,9.68,9.68,9.77,9.64,24033.71
2022-02-18,9.68,9.61,9.68,9.53,27675.56
2022-02-21,9.62,9.7,9.7,9.6,38106.91
2022-02-22,9.73,9.5,9.78,9.43,50085.8
2022-02-23,9.48,9.62,9.63,9.46,26348.33
2022-02-24,9.63,9.46,9.69,9.34,63681.7
2022-02-25,9.5,9.51,9.63,9.46,34676.04
2022-02-28,9.62,9.41,9.63,9.35,41519.6
2022-03-01,9.44,9.6,9.6,9.41,38865.16
2022-03-02,9.52,9.53,9.57,9.48,33437.8
2022-03-03,9.53,9.48,9.58,9.43,30289.7
2022-03-04,9.46,9.28,9.46,9.28,38445.2
2022-03-07,9.26,8.97,9.26,8.94,53785.0
2022-03-08,8.92,8.71,9.05,8.67,39592.46
2022-03-09,8.74,8.5,8.79,8.18,58446.0
2022-03-10,8.58,8.59,8.73,8.57,39595.0
2022-03-11,8.53,8.67,8.7,8.35,46299.0
2022-03-14,8.76,8.51,8.77,8.48,28948.2
2022-03-15,8.48,8.08,8.5,8.05,48601.12
2022-03-16,8.22,8.39,8.39,8.0,46457.0
2022-03-17,8.48,8.52,8.67,8.46,41822.4
2022-03-18,8.5,8.56,8.58,8.46,19929.2
2022-03-21,8.56,9.41,9.41,8.53,181801.59
2022-03-22,9.4,9.3,9.68,9.18,191010.34
2022-03-23,9.64,9.24,9.98,9.23,139116.47
2022-03-24,9.17,8.97,9.2,8.96,90876.52
2022-03-25,9.06,8.89,9.09,8.86,52929.94
2022-03-28,8.86,8.87,8.97,8.69,42904.12
2022-03-29,8.92,8.73,8.97,8.72,36919.35
2022-03-30,8.83,8.86,8.89,8.72,34795.3
2022-03-31,8.86,8.79,8.94,8.76,30305.98
2022-04-01,8.76,8.7,8.78,8.61,37683.58
2022-04-06,8.7,8.77,8.86,8.68,36980.0
2022-04-07,8.74,8.43,8.77,8.4,70962.2
2022-04-08,8.44,8.48,8.48,8.29,33766.78
2022-04-11,8.51,8.2,8.53,8.09,44898.0
2022-04-12,8.23,8.35,8.41,8.11,46281.2
2022-04-13,8.36,8.19,8.36,8.17,28166.4
2022-04-14,8.28,8.3,8.32,8.21,21528.36
2022-04-15,8.21,8.22,8.29,8.14,28207.01
2022-04-18,8.21,8.23,8.25,8.05,25118.6
2022-04-19,8.2,8.27,8.31,8.19,24060.6
2022-04-20,8.24,8.29,8.44,8.22,37602.61
2022-04-21,8.25,7.96,8.34,7.93,53415.8
2022-04-22,7.94,7.75,7.97,7.67,33438.4
2022-04-25,7.66,7.23,7.66,7.23,52910.4
2022-04-26,7.23,7.19,7.4,7.08,43852.35
2022-04-27,7.13,7.29,7.33,6.99,60953.05
2022-04-28,7.26,7.09,7.32,7.03,51427.97
2022-04-29,7.17,7.43,7.48,7.17,54365.09
2022-05-05,7.43,8.17,8.17,7.39,84512.11
2022-05-06,7.8,8.69,8.99,7.8,256720.65
2022-05-09,8.42,8.46,8.77,8.42,206382.45
2022-05-10,8.23,8.41,8.58,8.23,91513.36
2022-05-11,8.43,8.2,8.5,8.2,97789.08
2022-05-12,8.31,9.01,9.01,8.25,283284.55
2022-05-13,9.91,9.91,9.91,9.91,107452.09
2022-05-16,10.15,8.94,10.15,8.92,467838.24
2022-05-17,8.68,8.46,8.88,8.35,235164.33
2022-05-18,8.39,8.48,8.58,8.38,130524.25
2022-05-19,8.29,8.38,8.46,8.24,85239.2
2022-05-20,8.39,8.39,8.47,8.34,91649.2
2022-05-23,8.41,8.4,8.54,8.35,106574.0
2022-05-24,8.46,7.87,8.59,7.87,180087.0
2022-05-25,7.86,7.94,7.98,7.77,81065.0
2022-05-26,7.92,8.09,8.18,7.83,84647.61
2022-05-27,8.11,8.09,8.14,7.94,62717.47
2022-05-30,8.09,8.12,8.15,7.99,51672.86
2022-05-31,8.09,8.17,8.23,7.98,63383.6
2022-06-01,8.15,8.25,8.28,8.12,58894.83
2022-06-02,8.2,8.3,8.32,8.15,60359.61
2022-06-06,8.31,8.37,8.38,8.25,75012.0
2022-06-07,8.37,8.49,8.5,8.22,86576.14
2022-06-08,8.42,8.42,8.52,8.28,71758.15
2022-06-09,8.38,8.29,8.46,8.22,50804.42
2022-06-10,8.25,8.35,8.41,8.22,52416.78
2022-06-13,8.31,8.35,8.35,8.25,45187.2
2022-06-14,8.27,8.33,8.34,8.05,53610.58
2022-06-15,8.34,8.37,8.43,8.3,53998.8
2022-06-16,8.35,8.38,8.53,8.34,66972.0
2022-06-17,8.38,8.39,8.42,8.28,43381.4
2022-06-20,8.39,8.47,8.48,8.36,55397.73
2022-06-21,8.51,8.4,8.51,8.33,59237.47
2022-06-22,8.4,8.25,8.43,8.25,38426.81
2022-06-23,8.28,8.57,8.58,8.26,83636.74
2022-06-24,8.61,8.75,8.98,8.6,119078.0
2022-06-27,8.73,8.72,8.8,8.64,49912.4
2022-06-28,8.7,8.92,8.93,8.67,68644.0
2022-06-29,8.86,8.71,8.92,8.68,57256.0
2022-06-30,8.7,8.7,8.8,8.66,38871.87
2022-07-01,8.69,8.73,8.86,8.67,45315.61
2022-07-04,8.81,8.75,8.94,8.7,76486.0
2022-07-05,8.73,8.78,8.83,8.67,58244.49
2022-07-06,8.76,8.86,8.87,8.54,65765.37
2022-07-07,8.77,8.75,8.88,8.69,67290.68
2022-07-08,8.84,8.61,8.84,8.6,57026.97
2022-07-11,8.65,8.6,8.65,8.48,34930.2
2022-07-12,8.6,8.43,8.63,8.43,29641.9
2022-07-13,8.45,8.52,8.53,8.43,21631.6
2022-07-14,8.49,8.72,8.73,8.48,45860.6
2022-07-15,8.59,7.96,8.59,7.9,147141.78
2022-07-18,7.95,8.3,8.33,7.95,71395.7
2022-07-19,8.37,8.44,8.45,8.24,42911.2
2022-07-20,8.44,8.71,8.71,8.39,56328.35
2022-07-21,8.71,8.49,8.71,8.45,43478.6
2022-07-22,8.5,8.57,8.6,8.46,34796.0
2022-07-25,8.58,8.51,8.67,8.47,30484.82
2022-07-26,8.51,8.59,8.6,8.46,22648.0
2022-07-27,8.59,8.7,8.73,8.53,37244.6
2022-07-28,8.73,8.84,8.85,8.7,50663.4
2022-07-29,8.86,8.72,8.86,8.67,41455.72
2022-08-01,8.72,8.68,8.77,8.68,30194.7
2022-08-02,8.63,8.41,8.74,8.29,61620.0
2022-08-03,8.33,8.65,8.93,8.33,97043.0
2022-08-04,8.76,8.83,8.85,8.6,80692.6
2022-08-05,8.85,8.86,8.86,8.72,61826.8
2022-08-08,8.8,8.99,9.04,8.75,66357.4
2022-08-09,8.95,9.04,9.09,8.87,60069.0
2022-08-10,9.01,9.19,9.24,8.94,80806.4
2022-08-11,9.15,9.29,9.36,9.11,69313.14
2022-08-12,9.29,9.04,9.33,9.03,78410.05
2022-08-15,9.05,8.96,9.1,8.93,49670.2
2022-08-16,8.95,8.97,9.05,8.9,42102.6
2022-08-17,9.04,8.94,9.13,8.9,36105.54
2022-08-18,8.92,8.97,9.02,8.83,40000.0
2022-08-19,8.97,8.91,9.13,8.84,56568.05
2022-08-22,8.89,8.83,8.91,8.77,35024.41
2022-08-23,8.82,8.66,8.9,8.62,73260.28
2022-08-24,8.66,8.35,8.72,8.33,71858.37
2022-08-25,8.37,8.33,8.4,8.24,48240.2
2022-08-26,8.33,8.35,8.48,8.31,34366.6
2022-08-29,8.25,8.32,8.35,8.22,30741.79
2022-08-30,8.36,8.38,8.41,8.27,32834.6
2022-08-31,8.36,8.19,8.36,8.16,48793.6
2022-09-01,8.16,8.1,8.25,8.08,29589.43
2022-09-02,8.15,8.29,8.34,8.13,27175.4
2022-09-05,8.29,8.37,8.43,8.26,33731.79
2022-09-06,8.41,8.43,8.49,8.34,25352.76
2022-09-07,8.4,8.42,8.45,8.37,22585.49
2022-09-08,8.44,8.46,8.49,8.38,22852.64
2022-09-09,8.49,8.43,8.56,8.37,42508.61
2022-09-13,8.44,8.48,8.49,8.4,27125.04
2022-09-14,8.41,8.74,9.07,8.29,152317.88
2022-09-15,8.73,8.61,8.79,8.52,83854.74
2022-09-16,8.64,8.25,8.74,8.24,97639.6
2022-09-19,8.14,7.99,8.2,7.96,53164.36
2022-09-20,8.04,8.04,8.14,7.99,24899.46
2022-09-21,8.07,8.04,8.13,7.81,32694.0
2022-09-22,8.02,8.18,8.29,7.98,35408.06
2022-09-23,8.18,8.16,8.35,8.04,37244.0
2022-09-26,8.14,7.81,8.14,7.78,47677.24
2022-09-27,7.81,7.89,7.91,7.75,20845.74
2022-09-28,7.86,7.67,7.9,7.65,30931.6
2022-09-29,7.78,7.58,7.78,7.57,21804.86
2022-09-30,7.58,7.54,7.64,7.5,15902.78
2022-10-10,7.54,7.39,7.62,7.37,22961.15
2022-10-11,7.52,7.46,7.52,7.32,15138.63
2022-10-12,7.46,7.64,7.64,7.36,22114.7
2022-10-13,7.66,7.79,7.89,7.57,22810.18
2022-10-14,7.74,7.91,8.03,7.74,27566.77
2022-10-17,7.91,8.71,8.71,7.83,67196.6
2022-10-18,9.28,8.91,9.58,8.85,389381.23
2022-10-19,8.69,8.39,8.69,8.39,232394.95
2022-10-20,8.38,8.26,8.5,8.26,130486.47
2022-10-21,8.29,8.27,8.35,8.09,91731.65
2022-10-24,8.31,8.38,8.48,8.23,114979.08
2022-10-25,8.22,8.31,8.43,8.01,109821.77
2022-10-26,8.23,9.15,9.15,8.2,282964.61
2022-10-27,9.29,8.82,9.56,8.68,291354.31
2022-10-28,8.71,8.74,9.17,8.68,181113.4
2022-10-31,9.45,9.62,9.62,8.98,569610.51
2022-11-01,9.1,9.27,9.39,8.92,414613.04
2022-11-02,9.15,9.29,9.34,9.08,247673.9
2022-11-03,9.29,9.41,9.55,9.0,227064.56
2022-11-04,9.39,9.37,9.41,9.23,157238.97
2022-11-07,9.42,9.28,9.46,9.14,141727.3
2022-11-08,9.34,9.63,10.21,9.25,322771.42
2022-11-09,10.04,9.76,10.45,9.68,272160.94
2022-11-10,9.48,9.59,9.63,9.41,191855.24
2022-11-11,9.65,9.6,9.84,9.45,200073.71
2022-11-14,9.82,9.38,9.83,9.34,145062.5
2022-11-15,9.34,9.43,9.45,9.28,108587.85
2022-11-16,9.39,9.51,9.62,9.3,117274.91
2022-11-17,9.43,9.39,9.47,9.2,107281.76
2022-11-18,9.61,9.56,9.96,9.51,199404.58
2022-11-21,9.44,9.79,10.0,9.37,168309.84
2022-11-22,9.62,9.49,9.73,9.44,118245.2
2022-11-23,9.41,8.9,9.46,8.87,171081.21
2022-11-24,8.94,8.95,9.02,8.84,53815.55
2022-11-25,8.93,8.95,9.02,8.79,52325.2
2022-11-28,8.89,9.07,9.1,8.72,67660.58
2022-11-29,9.04,9.12,9.15,9.01,54988.24
2022-11-30,9.12,9.01,9.14,8.97,50379.4
2022-12-01,9.05,8.93,9.11,8.92,59371.6
2022-12-02,8.94,8.95,9.02,8.89,33920.77
2022-12-05,9.0,9.18,9.21,8.99,67364.6
2022-12-06,9.17,9.2,9.21,9.05,54540.93
2022-12-07,9.15,9.32,9.35,9.15,67659.8
2022-12-08,9.34,9.1,9.37,9.08,58330.32
2022-12-09,9.09,9.1,9.21,9.08,38476.38
2022-12-12,9.18,9.59,9.62,9.11,169558.95
2022-12-13,9.63,9.56,9.69,9.46,92049.41
2022-12-14,9.55,9.72,9.91,9.55,114108.99
2022-12-15,9.71,9.73,9.85,9.64,78526.18
2022-12-16,9.66,9.62,9.75,9.51,66173.77
2022-12-19,9.61,9.38,9.64,9.33,53305.92
2022-12-20,9.38,9.44,9.52,9.3,40402.8
2022-12-21,9.44,9.33,9.53,9.27,43006.6
2022-12-22,9.35,9.22,9.46,9.05,70727.72
2022-12-23,9.28,9.13,9.28,9.0,38790.68
2022-12-26,9.18,9.48,9.52,9.17,55409.0
2022-12-27,9.56,9.39,9.58,9.25,56654.66
2022-12-28,9.35,9.34,9.68,9.26,90478.79
2022-12-29,9.29,9.51,9.61,9.22,100253.19
2022-12-30,9.44,9.55,9.64,9.4,64705.6
2023-01-03,9.53,9.78,9.81,9.48,92151.6
2023-01-04,9.8,9.81,9.86,9.64,87429.46
2023-01-05,9.8,9.8,9.85,9.74,67475.55
2023-01-06,9.75,9.65,9.89,9.62,78833.8
2023-01-09,9.71,9.61,9.76,9.6,58267.6
2023-01-10,9.62,9.57,9.64,9.53,50728.79
2023-01-11,9.58,9.39,9.58,9.37,63089.6
2023-01-12,9.39,9.43,9.53,9.29,54308.0
2023-01-13,9.43,9.56,9.62,9.37,62075.39
2023-01-16,9.61,9.65,9.75,9.55,70591.52
2023-01-17,9.64,9.58,9.69,9.55,40638.2
2023-01-18,9.62,9.78,9.83,9.5,78982.87
2023-01-19,9.76,9.83,9.85,9.71,59439.45
2023-01-20,9.84,9.95,10.0,9.84,61167.0
2023-01-30,10.1,10.45,10.62,10.01,162271.15
2023-01-31,10.36,10.7,10.8,10.31,138529.44
2023-02-01,10.73,10.73,10.79,10.54,109903.2
2023-02-02,10.73,10.58,10.78,10.54,76931.72
2023-02-03,10.58,10.53,10.62,10.39,72573.8
2023-02-06,10.5,10.51,10.6,10.44,46510.6
2023-02-07,10.58,10.49,10.72,10.43,62846.8
2023-02-08,10.47,10.34,10.49,10.29,62288.6
2023-02-09,10.3,10.42,10.44,10.28,41232.0
2023-02-10,10.37,10.33,10.45,10.29,41565.4
2023-02-13,10.31,10.52,10.61,10.31,62126.2
2023-02-14,10.53,10.45,10.53,10.34,42926.2
2023-02-15,10.45,10.51,10.53,10.32,53257.65
2023-02-16,10.54,10.12,10.56,10.06,72204.03
2023-02-17,10.13,10.15,10.29,10.03,57427.8
2023-02-20,10.15,10.61,10.63,10.13,124357.47
2023-02-21,10.61,10.61,10.63,10.51,61498.97
2023-02-22,10.56,10.69,10.71,10.51,55799.8
2023-02-23,10.69,10.8,10.86,10.64,113827.33
2023-02-24,10.83,10.82,11.09,10.78,72522.62
2023-02-27,10.82,10.9,11.05,10.71,91780.7
2023-02-28,10.9,10.81,10.98,10.73,53316.4
2023-03-01,10.86,10.75,10.86,10.72,49823.2
2023-03-02,10.78,10.75,10.97,10.71,39904.2
2023-03-03,10.75,10.75,10.87,10.71,30975.6
2023-03-06,10.78,10.8,10.91,10.71,48481.49
2023-03-07,10.71,10.48,10.84,10.48,69025.37
2023-03-08,10.48,10.62,10.68,10.44,41294.2
2023-03-09,10.6,10.58,10.68,10.31,52609.4
2023-03-10,10.52,10.34,10.56,10.32,31413.0
2023-03-13,10.31,10.32,10.51,10.25,41012.4
2023-03-14,10.31,10.16,10.39,10.09,38669.0
2023-03-15,10.2,10.28,10.32,10.2,27638.8
2023-03-16,10.19,10.06,10.21,9.98,42660.6
2023-03-17,10.14,10.02,10.17,9.98,35564.0
2023-03-20,10.04,9.99,10.1,9.79,52040.4
2023-03-21,10.03,10.23,10.29,9.96,40277.8
2023-03-22,10.21,10.36,10.39,10.18,35999.0
2023-03-23,10.31,10.3,10.34,10.17,33214.6
2023-03-24,10.3,10.23,10.35,10.2,35398.8
2023-03-27,10.2,9.88,10.24,9.81,93457.98
2023-03-28,9.89,9.47,9.94,9.39,120622.67
2023-03-29,9.49,9.64,9.73,9.42,68241.0
2023-03-30,9.64,9.59,9.69,9.51,43821.0
2023-03-31,9.62,9.83,9.85,9.58,43688.32
2023-04-03,9.81,9.94,9.97,9.76,35269.2
2023-04-04,9.92,9.85,9.96,9.8,40206.8
2023-04-06,9.77,9.93,9.96,9.74,34340.0
2023-04-07,9.93,10.09,10.17,9.86,49102.2
2023-04-10,10.1,9.88,10.11,9.85,52551.98
2023-04-11,10.06,9.93,10.37,9.85,122454.05
2023-04-12,9.93,10.09,10.11,9.93,55991.59
2023-04-13,10.11,9.92,10.11,9.91,45059.2
2023-04-14,10.01,9.85,10.06,9.78,47626.88
2023-04-17,9.82,10.22,10.3,9.82,102798.15
2023-04-18,10.16,10.02,10.2,9.94,56710.92
2023-04-19,10.0,10.02,10.11,9.92,45133.62
2023-04-20,9.95,9.84,10.05,9.79,35061.4
2023-04-21,9.85,9.67,10.07,9.67,51192.0
2023-04-24,9.68,9.62,9.75,9.5,52113.22
2023-04-25,9.62,9.28,9.64,9.13,58790.81
2023-04-26,9.19,9.45,9.57,9.19,47886.2
2023-04-27,8.98,8.61,9.07,8.53,166090.02
2023-04-28,8.67,8.94,8.97,8.67,97908.8
2023-05-04,8.94,8.78,8.95,8.71,61121.48
2023-05-05,8.84,8.68,8.84,8.64,46762.0
2023-05-08,8.7,8.82,8.86,8.67,58233.42
2023-05-09,8.83,8.66,8.83,8.62,45406.39
2023-05-10,8.67,8.66,8.72,8.58,27346.0
2023-05-11,8.66,8.63,8.7,8.61,21382.81
2023-05-12,8.63,8.46,8.66,8.43,43881.6
2023-05-15,8.45,8.54,8.55,8.39,43169.2
2023-05-16,8.53,8.4,8.53,8.4,34409.8
2023-05-17,8.41,8.71,8.72,8.4,45278.71
2023-05-18,8.71,8.8,8.84,8.68,32587.4
2023-05-19,8.79,8.87,8.94,8.76,37108.6
2023-05-22,8.88,8.87,8.95,8.83,30743.62
2023-05-23,8.88,8.84,8.93,8.82,23206.0
2023-05-24,8.89,8.83,9.0,8.82,26455.2
2023-05-25,8.9,8.87,8.9,8.74,27247.22
2023-05-26,8.9,8.88,8.91,8.74,25270.4
2023-05-29,9.02,8.77,9.08,8.76,37162.72
2023-05-30,8.81,8.83,8.85,8.69,22789.89
2023-05-31,8.89,8.88,8.92,8.77,22163.6
2023-06-01,8.89,8.97,9.03,8.82,34329.0
2023-06-02,8.96,8.87,9.03,8.85,31314.4
2023-06-05,8.87,8.76,8.89,8.73,37868.71
2023-06-06,8.76,8.59,8.77,8.55,37226.72
2023-06-07,8.58,8.57,8.63,8.51,20487.27
2023-06-08,8.57,8.53,8.62,8.48,28868.23
2023-06-09,8.55,8.53,8.57,8.41,33561.2
2023-06-12,8.57,8.58,8.61,8.43,28649.71
2023-06-13,8.6,8.69,8.74,8.52,28618.6
2023-06-14,8.74,8.55,8.74,8.53,26294.4
2023-06-15,8.55,8.61,8.62,8.52,25420.41
2023-06-16,8.62,8.74,8.77,8.58,30969.8
2023-06-19,8.72,8.73,8.79,8.69,28958.01
2023-06-20,8.73,8.91,8.99,8.67,57508.81
2023-06-21,8.91,8.87,8.97,8.86,35567.6
2023-06-26,8.85,8.68,8.94,8.64,41907.01
2023-06-27,8.68,8.84,8.88,8.67,27541.72
2023-06-28,8.89,8.97,9.02,8.73,42963.1
2023-06-29,8.97,9.1,9.15,8.97,39016.35
2023-06-30,9.08,9.14,9.19,9.07,35449.2
2023-07-03,9.15,9.11,9.24,9.08,31684.0
2023-07-04,9.07,9.08,9.16,9.05,24435.8
2023-07-05,9.08,9.06,9.18,9.06,30178.0
2023-07-06,9.03,9.12,9.18,9.03,31136.0
2023-07-07,9.13,9.03,9.32,9.0,50333.42
2023-07-10,9.12,9.01,9.12,8.98,36224.45
2023-07-11,9.03,9.09,9.15,8.98,30419.58
2023-07-12,9.2,9.11,9.25,9.08,43232.94
2023-07-13,9.11,9.19,9.23,9.08,31804.57
2023-07-14,9.22,9.12,9.27,9.09,30240.0
2023-07-17,9.13,9.23,9.24,9.06,37369.2
2023-07-18,9.23,9.32,9.39,9.17,38032.23
2023-07-19,9.32,9.17,9.32,9.14,27143.28
2023-07-20,9.2,9.0,9.21,8.98,25268.94
2023-07-21,9.03,8.9,9.08,8.88,23609.4
2023-07-24,8.94,8.98,9.03,8.86,22848.2
2023-07-25,9.02,9.22,9.23,9.01,30121.4
2023-07-26,9.23,9.19,9.29,9.15,20528.22
2023-07-27,9.25,9.11,9.26,9.1,19204.8
2023-07-28,9.11,9.18,9.2,9.0,19336.0
2023-07-31,9.2,9.17,9.27,9.1,33908.61
2023-08-01,9.17,9.11,9.17,9.06,29214.6
2023-08-02,9.11,9.14,9.16,9.07,22365.41
2023-08-03,9.14,9.08,9.14,9.06,19718.8
2023-08-04,9.1,9.13,9.19,9.09,21938.6
2023-08-07,9.11,8.99,9.13,8.96,28858.8
2023-08-08,9.0,8.89,9.03,8.83,28720.6
2023-08-09,8.89,8.87,9.0,8.83,27849.0
2023-08-10,8.88,8.93,8.95,8.85,18243.31
2023-08-11,8.99,8.81,9.0,8.81,22521.22
2023-08-14,8.79,8.9,8.93,8.75,28472.05
2023-08-15,8.9,8.94,9.0,8.89,25420.25
2023-08-16,8.9,8.85,8.96,8.85,21650.25
2023-08-17,8.85,9.05,9.07,8.81,37025.52
2023-08-18,9.0,9.0,9.12,8.98,29380.32
2023-08-21,9.05,9.0,9.13,8.98,28829.8
2023-08-22,9.05,9.04,9.08,8.85,31138.6
2023-08-23,9.06,8.87,9.06,8.86,21647.97
2023-08-24,8.9,8.65,8.96,8.63,48474.0
2023-08-25,8.65,8.43,8.68,8.42,39136.4
2023-08-28,8.79,8.33,8.81,8.25,72462.15
2023-08-29,8.24,8.56,8.61,8.18,44892.16
2023-08-30,8.59,8.75,8.83,8.57,46796.94
2023-08-31,8.7,8.79,8.85,8.69,44050.17
2023-09-01,8.81,8.85,8.88,8.74,31561.17
2023-09-04,8.9,8.99,8.99,8.85,41135.2
2023-09-05,9.0,9.04,9.08,8.95,31549.6
2023-09-06,9.04,9.16,9.17,8.97,34725.64
2023-09-07,9.17,9.11,9.23,9.11,35633.81
2023-09-08,9.13,9.21,9.25,9.07,38238.4
2023-09-11,9.27,9.31,9.33,9.2,40184.74
2023-09-12,9.36,9.32,9.36,9.22,29788.01
2023-09-13,9.34,9.21,9.34,9.13,34921.37
2023-09-14,9.2,9.15,9.24,9.08,28098.2
2023-09-15,9.15,9.19,9.22,9.11,25324.4
2023-09-18,9.15,9.22,9.24,9.03,25121.4
2023-09-19,9.19,9.11,9.24,9.07,25938.2
2023-09-20,9.12,9.03,9.18,9.03,18899.8
2023-09-21,9.04,9.02,9.13,8.99,19654.12
2023-09-22,9.03,9.18,9.18,8.96,22024.65
2023-09-25,9.16,9.13,9.23,9.08,21736.45
2023-09-26,9.04,9.02,9.13,8.96,25954.35
2023-09-27,9.03,9.06,9.15,9.02,21516.72
2023-09-28,9.07,9.2,9.23,9.06,19944.0
2023-10-09,9.17,9.1,9.26,9.08,37778.6
2023-10-10,9.18,9.12,9.22,9.08,27578.6
2023-10-11,9.14,9.1,9.23,9.06,32460.4
2023-10-12,9.16,9.15,9.17,9.02,27969.4
2023-10-13,9.08,9.08,9.16,9.07,21784.2
2023-10-16,9.22,9.02,9.22,8.95,58952.35
2023-10-17,8.98,8.73,9.03,8.69,82884.86
2023-10-18,8.48,8.44,8.52,8.3,74497.17
2023-10-19,8.4,8.42,8.61,8.4,42725.05
2023-10-20,8.5,8.39,8.53,8.38,36850.4
2023-10-23,8.4,8.31,8.47,8.25,36497.51
2023-10-24,8.32,8.43,8.52,8.3,35314.58
2023-10-25,8.52,8.62,8.66,8.41,35905.25
2023-10-26,8.54,8.82,8.85,8.5,33890.77
2023-10-27,8.88,8.88,8.92,8.77,27612.4
2023-10-30,8.9,8.95,8.99,8.86,42545.9
2023-10-31,8.94,9.02,9.07,8.88,43642.92
2023-11-01,9.05,9.12,9.14,8.98,43877.5
2023-11-02,9.11,9.04,9.19,9.04,36410.8
2023-11-03,9.08,9.12,9.18,9.01,31118.6
2023-11-06,9.17,9.17,9.23,9.13,31838.4
2023-11-07,9.17,9.07,9.17,9.04,35444.6
2023-11-08,9.07,9.05,9.09,8.95,27968.8
2023-11-09,9.06,9.02,9.08,8.96,24321.4
2023-11-10,9.03,9.08,9.16,8.95,30352.41
2023-11-13,9.68,9.48,9.71,9.26,152693.16
2023-11-14,9.48,9.32,9.49,9.23,115129.95
2023-11-15,9.37,9.42,9.51,9.23,78308.5
2023-11-16,9.37,9.34,9.48,9.33,49003.75
2023-11-17,9.3,9.41,9.45,9.28,45717.6
2023-11-20,9.42,9.47,9.48,9.38,36633.47
2023-11-21,9.43,9.38,9.53,9.37,34733.0
2023-11-22,9.36,9.3,9.45,9.3,33064.53
2023-11-23,9.3,9.38,9.41,9.28,23322.62
2023-11-24,9.41,9.28,9.41,9.24,28758.14
2023-11-27,9.27,9.3,9.34,9.23,38880.4
2023-11-28,9.29,9.35,9.39,9.29,23497.14
2023-11-29,9.37,9.34,9.44,9.33,24532.62
2023-11-30,9.34,9.28,9.37,9.18,26358.6
2023-12-01,9.18,9.28,9.34,9.18,30858.02
2023-12-04,9.28,9.33,9.4,9.27,27114.74
2023-12-05,9.38,9.19,9.4,9.18,24168.2
2023-12-06,9.15,9.19,9.28,9.12,25506.4
2023-12-07,9.19,9.15,9.26,9.15,23655.2
2023-12-08,9.13,8.99,9.21,8.99,23790.8
2023-12-11,8.97,9.02,9.08,8.88,34382.0
2023-12-12,9.02,8.92,9.02,8.87,33755.2
2023-12-13,8.96,9.02,9.12,8.93,37934.72
2023-12-14,9.01,8.9,9.1,8.88,28376.68
2023-12-15,8.98,8.9,8.98,8.88,30343.0
2023-12-18,8.87,8.8,8.91,8.75,30364.0
2023-12-19,8.82,8.77,8.83,8.71,31652.4
2023-12-20,8.91,8.74,8.91,8.71,22519.2
2023-12-21,8.69,8.73,8.77,8.51,32253.82
2023-12-22,8.73,8.72,8.84,8.64,27501.5
2023-12-25,8.69,8.71,8.84,8.66,21225.4
2023-12-26,8.7,8.57,8.73,8.54,20064.8
2023-12-27,8.66,8.64,8.67,8.53,17458.3
2023-12-28,8.65,8.8,8.85,8.61,29874.6
2023-12-29,8.81,8.85,8.87,8.75,23148.0
2024-01-02,8.87,9.09,9.15,8.82,53178.81
2024-01-03,9.06,8.96,9.08,8.94,31512.0
2024-01-04,8.96,9.06,9.07,8.94,29481.0
2024-01-05,9.07,8.88,9.12,8.83,31695.0
2024-01-08,8.86,8.56,8.88,8.54,42977.25
2024-01-09,8.57,8.57,8.67,8.54,26007.4
2024-01-10,8.58,8.5,8.63,8.46,23992.04
2024-01-11,8.51,8.67,8.74,8.48,31311.3
2024-01-12,8.71,8.81,9.18,8.68,90582.51
2024-01-15,8.76,8.43,8.79,8.41,95561.81
2024-01-16,8.41,8.46,8.58,8.33,56676.91
2024-01-17,8.45,8.24,8.47,8.23,41005.45
2024-01-18,8.28,8.05,8.28,7.84,58259.33
2024-01-19,8.11,8.03,8.15,7.99,35049.2
2024-01-22,8.0,7.42,8.01,7.38,69113.7
2024-01-23,7.43,7.3,7.5,7.17,74724.72
2024-01-24,7.36,7.41,7.46,7.11,58335.4
2024-01-25,7.58,7.81,7.84,7.53,63128.0
2024-01-26,7.79,7.74,7.88,7.66,46368.54
2024-01-29,7.81,7.64,7.89,7.61,41487.0
2024-01-30,7.56,7.43,7.71,7.42,38217.0
2024-01-31,7.49,6.97,7.49,6.97,57289.6
2024-02-01,6.99,6.86,7.1,6.68,65188.57
2024-02-02,6.87,6.53,6.98,6.34,65890.96
2024-02-05,6.5,5.89,6.56,5.88,91490.0
2024-02-06,5.73,6.19,6.39,5.67,108365.84
2024-02-07,6.19,6.41,6.47,5.99,121514.27
2024-02-08,6.38,6.91,6.98,6.29,115457.87
2024-02-19,6.98,7.04,7.12,6.91,62087.81
2024-02-20,6.98,7.05,7.08,6.91,28783.69
2024-02-21,7.01,7.18,7.31,6.95,46546.09
2024-02-22,7.16,7.31,7.31,7.14,33397.89
2024-02-23,7.3,7.38,7.42,7.18,40107.9
2024-02-26,7.66,7.61,7.76,7.54,59177.09
2024-02-27,7.57,7.68,7.68,7.53,32817.25
2024-02-28,7.66,7.2,7.88,7.17,73893.4
2024-02-29,7.14,7.45,7.49,7.12,52556.6
2024-03-01,7.45,7.68,7.69,7.44,57577.73
2024-03-04,7.65,7.92,8.03,7.64,68540.8
2024-03-05,7.84,7.85,7.99,7.76,41849.8
2024-03-06,7.88,7.81,7.9,7.79,30541.4
2024-03-07,7.83,7.84,8.06,7.79,53742.6
2024-03-08,7.83,8.41,8.44,7.83,119464.11
2024-03-11,8.41,8.91,8.95,8.3,144834.85
2024-03-12,8.91,9.16,9.37,8.9,181588.66
2024-03-13,9.15,9.05,9.26,8.92,116244.73
2024-03-14,9.0,8.79,9.12,8.69,82787.28
2024-03-15,8.78,9.07,9.11,8.77,104260.33
2024-03-18,9.18,9.78,9.8,9.14,159862.84
2024-03-19,9.67,9.6,10.06,9.57,134407.04
2024-03-20,9.6,9.62,9.81,9.44,84129.83
2024-03-21,10.2,10.34,10.58,9.93,380187.57
2024-03-22,10.11,9.99,10.35,9.88,196803.64
2024-03-25,9.89,9.77,10.15,9.76,109212.53
2024-03-26,9.75,9.93,10.11,9.71,95641.91
2024-03-27,9.76,9.92,10.18,9.58,120497.51
2024-03-28,10.09,10.7,10.84,10.0,237271.0
2024-03-29,10.49,10.63,10.78,10.24,152126.79
2024-04-01,10.6,10.5,10.61,10.28,123250.61
2024-04-02,10.45,10.44,10.74,10.32,138668.01
2024-04-03,10.33,10.37,10.58,10.12,108226.56
2024-04-08,10.47,10.19,10.61,10.12,82974.18
2024-04-09,10.17,10.06,10.48,9.95,116058.0
2024-04-10,10.02,10.03,10.2,9.78,107296.03
2024-04-11,9.9,9.96,10.21,9.83,77646.82
2024-04-12,9.92,9.83,10.0,9.79,54696.2
2024-04-15,9.86,9.66,9.92,9.49,85925.2
2024-04-16,9.61,9.23,9.74,9.19,86435.6
2024-04-17,9.36,9.86,9.96,9.34,94154.0
2024-04-18,9.99,10.85,10.85,9.92,219814.0
2024-04-19,10.83,11.01,11.04,10.43,297798.27
2024-04-22,10.75,10.42,10.92,10.29,228544.24
2024-04-23,10.18,10.49,10.74,10.13,177251.22
2024-04-24,10.29,11.37,11.52,10.23,323493.52
2024-04-25,11.17,11.14,11.23,10.94,221348.02
2024-04-26,11.03,10.92,11.28,10.74,222267.1
2024-04-29,10.9,10.95,10.96,10.66,160534.12
2024-04-30,10.93,10.25,11.25,10.1,308943.32
2024-05-06,10.35,10.64,10.96,10.33,150364.48
2024-05-07,10.62,11.04,11.23,10.57,250211.25
2024-05-08,10.93,10.71,10.93,10.62,158910.54
2024-05-09,10.58,10.92,11.05,10.48,133987.88
2024-05-10,10.94,10.6,11.13,10.54,120117.0
2024-05-13,10.45,10.37,10.77,10.26,117773.43
2024-05-14,10.46,10.51,10.57,10.28,78279.3
2024-05-15,10.72,10.67,10.96,10.57,144182.46
2024-05-16,10.84,10.86,11.44,10.78,200010.23
2024-05-17,11.01,11.3,11.41,10.7,286456.31
2024-05-20,11.51,11.77,12.01,11.31,315295.44
2024-05-21,11.53,11.4,11.61,11.29,187348.2
2024-05-22,11.52,11.72,11.99,11.42,232539.4
2024-05-23,11.77,11.27,11.81,11.25,189388.4
2024-05-24,11.16,10.69,11.23,10.68,198368.3
2024-05-27,10.68,10.95,11.09,10.51,123027.19
2024-05-28,10.89,10.67,11.0,10.65,94252.47
2024-05-29,10.62,10.73,10.83,10.5,96281.79
2024-05-30,10.73,10.78,11.11,10.57,112920.42
2024-05-31,10.79,10.95,11.19,10.74,101062.82
2024-06-03,10.93,10.83,11.12,10.7,98874.59
2024-06-04,10.83,10.79,10.85,10.53,99390.4
2024-06-05,10.7,10.53,10.87,10.53,81403.81
2024-06-06,10.5,10.13,10.54,9.98,145057.3
2024-06-07,10.24,10.28,10.42,10.06,75854.48
2024-06-11,10.2,10.64,10.69,10.07,88419.72
2024-06-12,10.64,10.61,10.73,10.55,56750.6
2024-06-13,10.61,10.61,10.72,10.43,66260.43
2024-06-14,10.56,10.33,10.61,10.3,60800.71
2024-06-17,10.32,10.38,10.57,10.26,67043.69
2024-06-18,10.41,10.78,10.92,10.33,106986.23
2024-06-19,10.79,10.84,11.09,10.71,99502.4
2024-06-20,10.76,10.26,10.78,10.26,82708.4
2024-06-21,10.15,10.22,10.37,10.12,58169.78
2024-06-24,10.17,9.76,10.17,9.72,101141.81
2024-06-25,9.75,9.89,10.11,9.73,73564.81
2024-06-26,9.88,10.06,10.06,9.75,49292.4
2024-06-27,10.01,9.72,10.13,9.69,92267.55
2024-06-28,9.75,10.17,10.38,9.72,116120.4
2024-07-01,10.13,10.69,10.77,10.12,123749.4
2024-07-02,10.62,10.21,10.74,10.16,110352.0
2024-07-03,10.22,10.15,10.31,10.12,70666.29
2024-07-04,10.15,10.02,10.25,9.99,44169.8
2024-07-05,9.97,10.06,10.12,9.75,53792.6
2024-07-08,10.1,10.01,10.16,9.89,56334.6
2024-07-09,10.0,10.34,10.34,9.76,98924.97
2024-07-10,10.34,10.23,10.46,10.13,99039.4
2024-07-11,10.35,10.73,10.75,10.23,129600.16
2024-07-12,10.81,10.86,10.92,10.69,104148.22
2024-07-15,10.84,10.65,10.92,10.41,123947.98
2024-07-16,10.62,10.6,10.66,10.44,65062.8
2024-07-17,10.6,10.13,10.61,10.12,87875.6
2024-07-18,10.1,10.23,10.33,9.88,79152.02
2024-07-19,10.18,10.32,10.44,10.13,86439.95
2024-07-22,10.27,10.39,10.41,10.26,56261.0
2024-07-23,10.36,9.92,10.4,9.91,59120.78
2024-07-24,9.86,9.72,10.0,9.67,83244.78
2024-07-25,9.66,9.74,9.92,9.47,80675.4
2024-07-26,9.76,10.46,10.69,9.73,177052.32
2024-07-29,10.53,10.6,10.64,10.44,153744.6
2024-07-30,10.59,10.47,10.59,10.31,90643.86
2024-07-31,10.49,10.89,10.96,10.4,158254.4
2024-08-01,10.94,11.02,11.31,10.89,183424.4
2024-08-02,11.04,10.85,11.21,10.8,128250.2
2024-08-05,10.74,10.44,11.03,10.42,127731.54
2024-08-06,10.56,10.54,10.66,10.31,91862.76
2024-08-07,10.49,10.52,10.71,10.47,68543.4
2024-08-08,10.46,9.96,10.51,9.94,119548.6
2024-08-09,10.05,9.96,10.19,9.95,57410.2
2024-08-12,9.95,9.88,10.02,9.77,60720.4
2024-08-13,9.9,10.0,10.07,9.82,61059.6
2024-08-14,10.0,9.82,10.01,9.82,52744.8
2024-08-15,9.82,9.9,10.02,9.69,77531.0
2024-08-16,9.91,9.74,9.95,9.71,66549.01
2024-08-19,9.73,9.74,9.83,9.67,55055.0
2024-08-20,9.73,9.44,9.8,9.36,74346.2
2024-08-21,9.44,9.38,9.52,9.3,50028.21
2024-08-22,9.36,9.27,9.45,9.23,41455.53
2024-08-23,9.28,9.12,9.3,9.1,51379.32
2024-08-26,9.12,9.25,9.33,9.1,46883.32
2024-08-27,9.19,9.0,9.2,8.98,49721.32
2024-08-28,9.02,9.1,9.26,8.96,47279.46
2024-08-29,9.1,9.39,9.45,9.0,81710.8
2024-08-30,9.37,9.4,9.58,9.25,115861.94
2024-09-02,9.32,9.01,9.32,9.01,93264.2
2024-09-03,9.09,9.14,9.19,9.02,51484.85
2024-09-04,9.06,9.0,9.16,8.99,50322.5
2024-09-05,9.01,9.08,9.14,9.01,34343.02
2024-09-06,9.09,8.86,9.11,8.85,54411.4
2024-09-09,8.83,8.83,8.93,8.75,33013.88
2024-09-10,8.91,8.95,8.99,8.74,40314.79
2024-09-11,8.97,8.89,8.97,8.79,37572.39
2024-09-12,8.89,8.81,8.99,8.79,40488.31
2024-09-13,8.83,8.74,8.87,8.72,33698.2
2024-09-18,8.73,8.91,8.99,8.67,60877.01
2024-09-19,9.02,9.0,9.06,8.85,54393.94
2024-09-20,9.01,8.97,9.01,8.9,36459.79
2024-09-23,8.94,8.96,9.06,8.94,29855.74
2024-09-24,9.03,9.28,9.29,8.99,74385.4
2024-09-25,9.4,9.35,9.54,9.31,77583.69
2024-09-26,9.35,9.55,9.55,9.28,66350.62
2024-09-27,9.7,9.98,10.1,9.56,109143.2
2024-09-30,10.25,10.76,10.84,10.1,169892.75
2024-10-08,11.83,11.42,11.83,10.77,273185.47
2024-10-09,11.25,10.8,11.35,10.71,165393.49
2024-10-10,10.85,10.75,11.08,10.52,126608.6
2024-10-11,10.74,10.2,10.79,10.08,98288.4
2024-10-14,10.3,10.61,10.66,10.26,121993.21
2024-10-15,10.64,10.65,10.96,10.53,119187.24
2024-10-16,10.56,10.9,11.05,10.56,123938.93
2024-10-17,10.91,10.92,11.25,10.84,115239.75
2024-10-18,10.88,11.58,11.76,10.84,212396.24
2024-10-21,11.58,12.41,12.53,11.58,292380.69
2024-10-22,12.56,12.22,12.76,12.11,286197.26
2024-10-23,12.22,12.57,13.03,12.07,323196.75
2024-10-24,12.47,12.07,12.48,11.96,176663.61
2024-10-25,12.07,12.14,12.28,11.98,157217.78
2024-10-28,12.14,12.3,12.38,12.04,161127.25
2024-10-29,12.01,11.47,12.07,11.44,315605.22
2024-10-30,11.31,11.69,11.78,11.26,175984.28
2024-10-31,11.72,11.93,12.11,11.64,199809.09
2024-11-01,11.89,11.39,11.96,11.34,182974.52
2024-11-04,11.27,11.62,11.81,11.27,101988.39
2024-11-05,11.61,12.1,12.15,11.6,249342.01
2024-11-06,12.48,12.28,12.75,12.18,326343.43
2024-11-07,12.14,12.03,12.23,11.8,209607.07
2024-11-08,11.99,12.12,12.32,11.99,184907.19
2024-11-11,12.12,12.11,12.28,11.99,196938.59
2024-11-12,12.22,11.89,12.24,11.7,183929.53
2024-11-13,11.86,11.98,11.98,11.53,113061.83
2024-11-14,11.92,11.37,11.93,11.34,141749.2
2024-11-15,11.36,11.02,11.47,11.0,115252.36
2024-11-18,11.05,10.92,11.1,10.71,108082.4
2024-11-19,10.98,11.15,11.15,10.9,91448.82
2024-11-20,11.14,11.21,11.24,11.03,84414.77
2024-11-21,11.15,11.17,11.47,11.05,85941.32
2024-11-22,11.1,10.73,11.14,10.72,96306.48
2024-11-25,10.71,10.75,10.81,10.53,82621.57
2024-11-26,10.72,10.77,10.92,10.71,75377.71
2024-11-27,10.89,11.33,11.47,10.7,209177.69
2024-11-28,11.19,11.16,11.47,11.1,170071.44
2024-11-29,11.17,11.36,11.52,11.06,162467.96
2024-12-02,11.45,11.68,11.79,11.31,163174.64
2024-12-03,11.61,11.69,11.75,11.53,117781.58
2024-12-04,11.63,11.55,11.72,11.45,104809.0
2024-12-05,11.45,11.62,11.7,11.4,75987.3
2024-12-06,11.59,11.57,11.64,11.38,91915.46
2024-12-09,11.5,11.47,11.58,11.31,93007.23
2024-12-10,11.69,11.42,11.75,11.42,118812.27
2024-12-11,11.36,11.49,11.51,11.33,69558.82
2024-12-12,11.49,11.59,11.73,11.42,86900.8
2024-12-13,11.5,11.25,11.52,11.2,79862.0
2024-12-16,11.22,11.14,11.34,11.1,50165.2
2024-12-17,11.12,10.81,11.18,10.75,76772.8
2024-12-18,10.89,10.86,11.0,10.77,83674.26
2024-12-19,10.75,10.89,10.9,10.6,60366.5
2024-12-20,10.89,10.98,11.09,10.82,52003.6
2024-12-23,10.92,10.62,10.99,10.59,65656.98
2024-12-24,10.7,10.84,10.98,10.7,58680.04
2024-12-25,10.77,10.9,10.99,10.53,91360.27
2024-12-26,10.93,11.0,11.07,10.85,86519.27
2024-12-27,11.14,11.17,11.33,11.09,118271.46
2024-12-30,11.14,11.25,11.49,11.14,114531.0
2024-12-31,11.26,10.92,11.27,10.89,87459.2
2025-01-02,10.87,10.35,10.95,10.24,115427.0
2025-01-03,10.37,9.98,10.43,9.94,78494.26
2025-01-06,9.96,9.87,10.11,9.79,58470.07
2025-01-07,9.87,10.01,10.01,9.79,57282.45
2025-01-08,10.0,9.91,10.0,9.61,75527.42
2025-01-09,9.85,9.99,10.05,9.82,55698.6
2025-01-10,9.98,9.88,10.12,9.88,64897.55
2025-01-13,9.81,9.98,10.04,9.63,43663.34
2025-01-14,10.0,10.25,10.25,9.99,80752.57
2025-01-15,10.25,10.22,10.32,10.13,60197.61
2025-01-16,10.28,10.18,10.36,10.11,54758.07
2025-01-17,10.1,10.38,10.43,10.1,72740.99
2025-01-20,10.44,10.61,10.66,10.31,88260.34
2025-01-21,10.69,10.59,10.71,10.45,51450.21
2025-01-22,10.56,10.53,10.57,10.44,47935.61
2025-01-23,10.6,10.41,10.69,10.41,66144.0
2025-01-24,10.39,10.39,10.48,10.34,57897.0
2025-01-27,10.42,10.23,10.46,10.23,49211.26
2025-02-05,10.3,10.39,10.44,10.24,54059.8
2025-02-06,10.36,10.59,10.6,10.32,66493.69
2025-02-07,10.56,10.67,10.79,10.55,77795.43
2025-02-10,10.74,10.71,10.77,10.65,69158.7
2025-02-11,10.68,10.68,10.72,10.56,52397.0
2025-02-12,10.66,10.71,10.76,10.6,46921.8
2025-02-13,10.79,10.64,10.98,10.63,75796.62
2025-02-14,10.61,10.66,10.71,10.48,65604.52
2025-02-17,10.7,10.66,10.82,10.56,58467.4
2025-02-18,10.61,10.3,10.65,10.27,64152.4
2025-02-19,10.3,10.56,10.56,10.29,57653.57
2025-02-20,10.57,10.71,10.77,10.48,76968.23
2025-02-21,10.76,11.07,11.08,10.63,203139.54
2025-02-24,11.07,11.05,11.23,10.92,158697.02
2025-02-25,11.01,11.18,11.23,10.93,144376.96
2025-02-26,11.17,11.14,11.27,11.09,115957.08
2025-02-27,11.15,11.1,11.23,10.82,119607.23
2025-02-28,11.07,10.73,11.11,10.69,80541.4
2025-03-03,10.76,10.81,10.96,10.75,62177.6
2025-03-04,10.76,11.09,11.16,10.73,114444.97
2025-03-05,11.09,11.3,11.46,11.05,164061.12
2025-03-06,11.38,11.29,11.41,11.24,140561.28
2025-03-07,11.27,11.32,11.53,11.25,121987.52
2025-03-10,11.35,11.35,11.5,11.32,88253.23
2025-03-11,11.15,11.36,11.42,11.15,81878.67
2025-03-12,11.36,11.29,11.43,11.27,82614.0
2025-03-13,11.27,11.2,11.36,11.05,77933.2
2025-03-14,11.19,11.22,11.25,11.06,72952.01
2025-03-17,11.27,11.16,11.27,11.13,63077.72
2025-03-18,11.16,11.24,11.29,11.11,66816.99
2025-03-19,11.2,11.32,11.41,11.14,95713.4
2025-03-20,11.29,11.54,11.61,11.21,153741.82
2025-03-21,11.51,11.49,11.63,11.29,123737.29
2025-03-24,11.47,11.01,11.48,10.76,149918.3
2025-03-25,10.94,11.0,11.24,10.93,100461.01
2025-03-26,10.99,11.11,11.21,10.92,65435.0
2025-03-27,11.08,11.69,12.22,10.85,530820.88
2025-03-28,11.39,11.23,11.74,11.15,387397.03
2025-03-31,11.43,10.92,11.44,10.66,233099.12
2025-04-01,10.92,11.32,11.42,10.9,228235.92
2025-04-02,11.27,11.04,11.33,11.01,128377.2
2025-04-03,10.9,10.74,11.1,10.67,147115.96
2025-04-07,9.91,9.67,10.11,9.67,136053.2
2025-04-08,9.65,9.32,9.81,9.14,150370.2
2025-04-09,9.21,9.72,9.76,8.86,158464.64
2025-04-10,9.85,9.72,10.01,9.71,139426.8
2025-04-11,9.62,9.73,9.84,9.6,73721.05
2025-04-14,9.85,9.92,9.97,9.82,70955.84
2025-04-15,9.94,9.87,9.94,9.77,49956.0
2025-04-16,9.88,9.75,10.08,9.62,58912.8
2025-04-17,9.72,10.04,10.11,9.64,97459.8
2025-04-18,10.03,9.91,10.08,9.91,57519.43
2025-04-21,9.93,10.02,10.08,9.88,56277.0
2025-04-22,9.67,9.4,9.67,9.31,184595.82
2025-04-23,9.46,9.64,9.69,9.41,104594.7
2025-04-24,9.54,9.4,9.58,9.33,100463.3
2025-04-25,9.4,9.5,9.61,9.34,71473.65
2025-04-28,9.5,9.37,9.54,9.34,46496.26
2025-04-29,9.32,9.21,9.38,9.19,84042.28
2025-04-30,9.26,9.3,9.34,9.23,51193.15
2025-05-06,9.35,9.52,9.52,9.35,68507.28
2025-05-07,9.67,9.79,9.91,9.63,147511.24
2025-05-08,9.78,10.15,10.16,9.71,165864.41
2025-05-09,10.19,10.15,10.35,10.01,160136.08
2025-05-12,10.13,10.35,10.47,10.04,152347.33
2025-05-13,10.36,10.17,10.44,10.13,115028.78
2025-05-14,10.15,10.08,10.23,10.02,72247.79
2025-05-15,10.08,9.94,10.14,9.92,58215.52
2025-05-16,9.93,9.91,10.11,9.91,69653.92
2025-05-19,10.0,10.12,10.18,9.86,86119.0
2025-05-20,10.05,10.0,10.13,9.94,81069.0
2025-05-21,9.98,9.9,9.98,9.83,62927.4
2025-05-22,9.89,10.38,10.89,9.83,443997.84
2025-05-23,10.12,9.94,10.35,9.94,286428.84
2025-05-26,10.0,9.94,10.01,9.87,119847.0
2025-05-27,9.94,9.97,10.14,9.73,126769.99
2025-05-28,9.9,9.87,10.04,9.84,81427.75
2025-05-29,9.84,10.03,10.05,9.83,90353.16
2025-05-30,10.02,10.13,10.22,9.9,132203.6
2025-06-03,10.19,10.28,10.35,10.15,167792.48
2025-06-04,10.16,10.14,10.32,10.12,110399.88
2025-06-05,10.12,10.13,10.15,10.01,74285.0
2025-06-06,10.14,10.08,10.18,10.04,62856.0
2025-06-09,10.07,10.15,10.19,10.07,77281.8
2025-06-10,10.13,9.96,10.13,9.88,101297.75
2025-06-11,9.95,10.01,10.03,9.92,49577.6
2025-06-12,10.01,10.02,10.07,9.92,48955.92
2025-06-13,10.0,10.14,10.23,9.94,126050.6
2025-06-16,10.12,10.19,10.21,10.05,90699.2
2025-06-17,10.14,10.26,10.29,10.13,101936.4
2025-06-18,10.22,10.26,10.31,10.2,89349.4
2025-06-19,10.21,10.13,10.21,10.0,77343.68
2025-06-20,10.09,9.93,10.11,9.92,60006.2
2025-06-23,9.94,10.13,10.14,9.93,65818.4
2025-06-24,10.09,10.23,10.24,10.0,79134.8
2025-06-25,10.2,10.4,10.41,10.18,135745.6
2025-06-26,10.37,10.44,10.58,10.31,149781.9
2025-06-27,10.46,10.47,10.57,10.45,96182.59
2025-06-30,10.51,10.73,10.74,10.47,128351.89
2025-07-01,10.74,10.64,10.77,10.57,100225.79
2025-07-02,10.67,10.53,10.69,10.47,80241.39
2025-07-03,10.5,10.56,10.67,10.5,54978.6
2025-07-04,10.53,10.4,10.56,10.39,73593.8
2025-07-07,10.4,10.44,10.47,10.34,41986.8
2025-07-08,10.43,10.53,10.53,10.42,54691.0
2025-07-09,10.5,10.46,10.62,10.43,71359.2
2025-07-10,10.41,10.47,10.51,10.39,55178.54
2025-07-11,10.47,10.53,10.57,10.43,70785.2
2025-07-14,10.53,10.6,10.62,10.49,60514.0
2025-07-15,10.58,10.62,10.66,10.43,83317.6
2025-07-16,10.6,10.65,10.68,10.56,64603.4
2025-07-17,10.61,10.74,10.75,10.61,74930.42
2025-07-18,10.73,10.73,10.77,10.64,64567.4
2025-07-21,10.74,10.8,10.8,10.71,64908.6
2025-07-22,10.81,10.84,10.96,10.77,98377.6
2025-07-23,10.8,10.68,10.87,10.67,94385.6
2025-07-24,10.68,10.86,10.91,10.65,86067.1
2025-07-25,10.86,10.85,10.86,10.78,51952.2
2025-07-28,10.88,10.93,10.95,10.82,77183.4
2025-07-29,10.93,10.96,11.18,10.84,87702.2
2025-07-30,10.95,10.93,11.05,10.81,83225.2
2025-07-31,10.86,10.74,10.99,10.69,77678.77
2025-08-01,10.72,10.69,10.79,10.6,74583.2
2025-08-04,10.66,10.93,10.97,10.65,99913.4
2025-08-05,10.89,10.92,11.01,10.83,107628.97
2025-08-06,10.89,11.01,11.1,10.87,132115.5
2025-08-07,11.02,10.96,11.03,10.89,92403.62
2025-08-08,10.96,10.99,11.02,10.91,84739.66
2025-08-11,10.98,10.92,11.03,10.88,124248.95
2025-08-12,10.91,10.87,10.98,10.78,104111.22
2025-08-13,10.84,10.8,10.91,10.73,109145.6
2025-08-14,10.8,10.54,10.82,10.53,131207.55
2025-08-15,10.55,10.85,11.2,10.54,222791.44
2025-08-18,10.78,10.89,10.95,10.7,186070.01
2025-08-19,10.87,10.85,10.9,10.76,101914.43
2025-08-20,10.85,10.95,10.95,10.77,119875.99
2025-08-21,10.93,11.03,11.06,10.87,142136.8
2025-08-22,11.01,10.99,11.02,10.86,104838.16
2025-08-25,10.99,11.02,11.04,10.91,168299.76
2025-08-26,11.02,11.01,11.05,10.93,106607.0
2025-08-27,11.01,10.76,11.01,10.73,136246.04
2025-08-28,10.7,10.82,10.83,10.5,129294.95
2025-08-29,10.77,10.85,10.87,10.75,88100.84
2025-09-01,10.85,10.71,10.85,10.68,98888.3
2025-09-02,10.71,10.51,10.72,10.35,107296.84
2025-09-03,10.51,10.2,10.53,10.14,89690.22
2025-09-04,10.18,10.13,10.22,10.05,73906.02
