date,open,close,high,low,volume
2019-01-02,2.44,2.38,2.45,2.38,1988996.98
2019-01-03,2.38,2.4,2.4,2.37,1470488.62
2019-01-04,2.39,2.43,2.44,2.38,2049765.5
2019-01-07,2.44,2.42,2.44,2.4,2268774.69
2019-01-08,2.42,2.39,2.42,2.38,1951065.88
2019-01-09,2.4,2.4,2.42,2.39,2897081.74
2019-01-10,2.4,2.38,2.41,2.37,2737707.73
2019-01-11,2.38,2.39,2.39,2.37,2062165.94
2019-01-14,2.39,2.37,2.4,2.36,1659132.96
2019-01-15,2.37,2.39,2.39,2.36,1730631.12
2019-01-16,2.38,2.38,2.39,2.37,1489836.26
2019-01-17,2.39,2.39,2.4,2.38,2493697.7
2019-01-18,2.4,2.42,2.44,2.39,3531703.42
2019-01-21,2.42,2.42,2.46,2.42,2913045.5
2019-01-22,2.43,2.42,2.43,2.41,1361119.72
2019-01-23,2.42,2.43,2.44,2.41,1654534.0
2019-01-24,2.44,2.44,2.45,2.43,1558177.32
2019-01-25,2.46,2.49,2.49,2.45,2761011.5
2019-01-28,2.5,2.49,2.52,2.47,2207072.45
2019-01-29,2.49,2.5,2.51,2.47,1652011.03
2019-01-30,2.5,2.49,2.51,2.49,1599005.39
2019-01-31,2.51,2.52,2.53,2.5,2513565.05
2019-02-01,2.53,2.52,2.53,2.51,1767724.22
2019-02-11,2.51,2.51,2.51,2.49,2031410.64
2019-02-12,2.51,2.52,2.53,2.5,1868599.7
2019-02-13,2.52,2.55,2.55,2.51,2467423.0
2019-02-14,2.55,2.51,2.55,2.51,2200813.43
2019-02-15,2.51,2.47,2.52,2.47,2669147.52
2019-02-18,2.49,2.51,2.51,2.48,3497139.73
2019-02-19,2.51,2.5,2.53,2.49,3024879.86
2019-02-20,2.51,2.51,2.51,2.49,2010684.0
2019-02-21,2.51,2.49,2.52,2.49,2164284.18
2019-02-22,2.49,2.49,2.5,2.46,3535105.69
2019-02-25,2.51,2.63,2.64,2.5,9501898.16
2019-02-26,2.61,2.57,2.62,2.56,7356004.12
2019-02-27,2.57,2.59,2.63,2.56,6040746.61
2019-02-28,2.59,2.57,2.59,2.57,3472138.72
2019-03-01,2.59,2.61,2.61,2.55,5244326.33
2019-03-04,2.62,2.62,2.67,2.59,9146999.8
2019-03-05,2.61,2.6,2.61,2.59,4608603.98
2019-03-06,2.6,2.61,2.61,2.59,5403515.74
2019-03-07,2.6,2.57,2.61,2.57,5300423.71
2019-03-08,2.55,2.5,2.55,2.5,5567635.7
2019-03-11,2.5,2.51,2.52,2.49,4308452.77
2019-03-12,2.52,2.53,2.56,2.51,4519019.02
2019-03-13,2.53,2.51,2.53,2.5,3671297.28
2019-03-14,2.51,2.51,2.53,2.5,2997455.98
2019-03-15,2.51,2.51,2.53,2.51,2742606.27
2019-03-18,2.52,2.54,2.55,2.51,3747890.81
2019-03-19,2.55,2.53,2.55,2.53,2402697.26
2019-03-20,2.53,2.53,2.54,2.51,2390197.83
2019-03-21,2.53,2.51,2.53,2.51,2517453.48
2019-03-22,2.52,2.52,2.53,2.5,2285460.09
2019-03-25,2.5,2.48,2.51,2.48,3398433.23
2019-03-26,2.49,2.49,2.49,2.47,2464385.83
2019-03-27,2.49,2.5,2.51,2.49,2628925.04
2019-03-28,2.49,2.49,2.5,2.48,2068651.01
2019-03-29,2.49,2.53,2.53,2.48,3901971.04
2019-04-01,2.53,2.55,2.56,2.52,5872666.43
2019-04-02,2.56,2.54,2.57,2.53,4958620.88
2019-04-03,2.52,2.53,2.54,2.51,4463713.99
2019-04-04,2.54,2.57,2.57,2.53,6759445.36
2019-04-08,2.57,2.57,2.61,2.55,6278431.37
2019-04-09,2.56,2.56,2.57,2.55,2700147.12
2019-04-10,2.55,2.55,2.57,2.54,2557502.65
2019-04-11,2.55,2.53,2.57,2.53,2773195.32
2019-04-12,2.53,2.53,2.54,2.52,2221906.08
2019-04-15,2.55,2.56,2.59,2.55,5508004.5
2019-04-16,2.55,2.63,2.63,2.55,7571674.79
2019-04-17,2.62,2.63,2.65,2.61,5028800.17
2019-04-18,2.62,2.6,2.62,2.59,2451283.46
2019-04-19,2.6,2.61,2.62,2.59,2509753.87
2019-04-22,2.61,2.56,2.61,2.55,3284562.86
2019-04-23,2.56,2.55,2.57,2.55,3018971.22
2019-04-24,2.56,2.55,2.57,2.53,3298604.42
2019-04-25,2.55,2.53,2.55,2.53,3066191.71
2019-04-26,2.53,2.52,2.53,2.51,2629237.16
2019-04-29,2.53,2.53,2.55,2.52,3247171.49
2019-04-30,2.53,2.55,2.56,2.52,2927606.94
2019-05-06,2.51,2.47,2.52,2.45,6101232.06
2019-05-07,2.49,2.48,2.49,2.46,2757619.47
2019-05-08,2.46,2.44,2.46,2.44,2456114.04
2019-05-09,2.44,2.43,2.45,2.42,2393865.64
2019-05-10,2.44,2.47,2.49,2.42,3135705.03
2019-05-13,2.46,2.44,2.46,2.43,1894966.07
2019-05-14,2.42,2.42,2.44,2.42,2274710.68
2019-05-15,2.44,2.44,2.46,2.42,2555841.78
2019-05-16,2.44,2.45,2.46,2.43,2466123.82
2019-05-17,2.45,2.44,2.46,2.44,2896358.62
2019-05-20,2.44,2.47,2.48,2.44,3123310.77
2019-05-21,2.47,2.49,2.5,2.46,2275406.72
2019-05-22,2.49,2.49,2.5,2.48,1659859.02
2019-05-23,2.49,2.49,2.5,2.47,2403209.0
2019-05-24,2.49,2.5,2.51,2.49,2090797.71
2019-05-27,2.49,2.51,2.51,2.48,2300336.85
2019-05-28,2.51,2.52,2.53,2.5,3215281.76
2019-05-29,2.51,2.49,2.52,2.49,2285576.39
2019-05-30,2.5,2.51,2.52,2.49,2043511.16
2019-05-31,2.51,2.49,2.51,2.49,2071238.87
2019-06-03,2.5,2.53,2.53,2.49,2460188.44
2019-06-04,2.53,2.54,2.54,2.52,2129093.61
2019-06-05,2.55,2.55,2.57,2.54,2552371.34
2019-06-06,2.56,2.55,2.56,2.54,1436831.3
2019-06-10,2.55,2.57,2.57,2.55,2277941.72
2019-06-11,2.57,2.58,2.59,2.57,2715991.22
2019-06-12,2.57,2.58,2.59,2.57,2200160.21
2019-06-13,2.59,2.56,2.59,2.56,1990225.85
2019-06-14,2.57,2.55,2.57,2.54,2192162.15
2019-06-17,2.55,2.57,2.58,2.54,2404319.4
2019-06-18,2.57,2.59,2.59,2.57,3201835.06
2019-06-19,2.62,2.59,2.62,2.58,4829202.06
2019-06-20,2.59,2.6,2.62,2.57,5573280.71
2019-06-21,2.59,2.58,2.6,2.57,4187513.18
2019-06-24,2.58,2.59,2.59,2.57,2113891.55
2019-06-25,2.59,2.58,2.59,2.57,3168505.5
2019-06-26,2.58,2.57,2.58,2.55,2416127.37
2019-06-27,2.57,2.57,2.58,2.56,2935329.86
2019-06-28,2.57,2.55,2.57,2.54,2835837.56
2019-07-01,2.57,2.57,2.57,2.56,3439892.87
2019-07-02,2.57,2.58,2.58,2.56,2971126.9
2019-07-03,2.58,2.59,2.59,2.57,2924186.36
2019-07-04,2.59,2.59,2.6,2.58,2255482.32
2019-07-05,2.59,2.59,2.59,2.58,1596520.38
2019-07-08,2.58,2.55,2.58,2.54,3154465.19
2019-07-09,2.55,2.54,2.55,2.54,1850498.96
2019-07-10,2.54,2.54,2.55,2.53,1223500.36
2019-07-11,2.54,2.54,2.55,2.54,1289051.93
2019-07-12,2.55,2.55,2.56,2.54,1659001.85
2019-07-15,2.55,2.54,2.55,2.52,2799219.05
2019-07-16,2.54,2.54,2.54,2.53,1271189.88
2019-07-17,2.54,2.53,2.54,2.52,1251890.39
2019-07-18,2.52,2.52,2.53,2.52,1838950.31
2019-07-19,2.52,2.53,2.54,2.52,1648216.89
2019-07-22,2.53,2.53,2.54,2.52,2173788.77
2019-07-23,2.53,2.54,2.55,2.53,2100226.99
2019-07-24,2.55,2.54,2.56,2.53,2770585.69
2019-07-25,2.54,2.54,2.55,2.53,2158015.53
2019-07-26,2.54,2.54,2.55,2.53,2021544.15
2019-07-29,2.54,2.55,2.56,2.54,2001204.01
2019-07-30,2.55,2.56,2.57,2.54,2297045.58
2019-07-31,2.56,2.55,2.56,2.54,2362359.88
2019-08-01,2.54,2.54,2.55,2.53,2122692.41
2019-08-02,2.52,2.52,2.52,2.51,2649461.37
2019-08-05,2.51,2.48,2.51,2.48,3038064.87
2019-08-06,2.45,2.45,2.46,2.43,2935396.25
2019-08-07,2.45,2.43,2.46,2.42,1847216.82
2019-08-08,2.44,2.45,2.45,2.43,2320951.86
2019-08-09,2.45,2.45,2.47,2.45,2090080.28
2019-08-12,2.45,2.47,2.47,2.45,1799973.57
2019-08-13,2.45,2.45,2.46,2.44,1618078.87
2019-08-14,2.46,2.44,2.47,2.43,2733006.35
2019-08-15,2.41,2.43,2.43,2.41,2072571.65
2019-08-16,2.43,2.42,2.44,2.42,1993041.21
2019-08-19,2.42,2.43,2.44,2.4,4619048.33
2019-08-20,2.42,2.43,2.44,2.42,1987323.5
2019-08-21,2.43,2.42,2.43,2.42,1084247.51
2019-08-22,2.43,2.42,2.43,2.41,1603240.45
2019-08-23,2.42,2.42,2.42,2.4,1348988.87
2019-08-26,2.4,2.4,2.41,2.4,1962956.93
2019-08-27,2.4,2.42,2.43,2.4,2702405.2
2019-08-28,2.42,2.41,2.42,2.4,1568628.85
2019-08-29,2.41,2.4,2.42,2.4,1121916.75
2019-08-30,2.42,2.41,2.42,2.41,1794587.61
2019-09-02,2.41,2.42,2.42,2.4,2331254.97
2019-09-03,2.42,2.42,2.42,2.41,1669965.57
2019-09-04,2.42,2.45,2.45,2.41,2488459.3
2019-09-05,2.45,2.47,2.48,2.44,3580718.94
2019-09-06,2.47,2.47,2.48,2.46,2143808.51
2019-09-09,2.49,2.47,2.5,2.46,3269488.59
2019-09-10,2.47,2.47,2.47,2.45,2683090.81
2019-09-11,2.47,2.5,2.5,2.47,2702190.81
2019-09-12,2.5,2.5,2.51,2.49,1901307.5
2019-09-16,2.5,2.5,2.51,2.49,1318001.73
2019-09-17,2.5,2.47,2.5,2.47,1984592.39
2019-09-18,2.47,2.47,2.49,2.47,1385533.15
2019-09-19,2.47,2.47,2.48,2.47,1271155.98
2019-09-20,2.47,2.47,2.47,2.47,2074736.01
2019-09-23,2.47,2.46,2.47,2.45,1279520.37
2019-09-24,2.46,2.46,2.47,2.45,1017625.19
2019-09-25,2.47,2.45,2.47,2.45,1110017.65
2019-09-26,2.46,2.48,2.5,2.45,2358635.23
2019-09-27,2.47,2.47,2.48,2.45,2110097.13
2019-09-30,2.47,2.45,2.48,2.45,1506468.37
2019-10-08,2.45,2.47,2.47,2.45,1725077.3
2019-10-09,2.46,2.47,2.48,2.45,2188909.08
2019-10-10,2.47,2.47,2.49,2.46,1914705.91
2019-10-11,2.48,2.5,2.51,2.47,2541839.71
2019-10-14,2.51,2.52,2.55,2.51,4059276.42
2019-10-15,2.53,2.54,2.55,2.52,2453349.54
2019-10-16,2.55,2.54,2.57,2.54,2488733.79
2019-10-17,2.54,2.54,2.56,2.53,1602132.83
2019-10-18,2.55,2.53,2.57,2.52,2135127.65
2019-10-21,2.52,2.55,2.55,2.52,1896667.47
2019-10-22,2.56,2.56,2.57,2.54,1867033.05
2019-10-23,2.56,2.58,2.59,2.55,2707337.81
2019-10-24,2.59,2.59,2.62,2.58,2797081.36
2019-10-25,2.59,2.59,2.59,2.55,1915499.35
2019-10-28,2.59,2.59,2.6,2.58,2022778.29
2019-10-29,2.59,2.56,2.59,2.55,2028999.06
2019-10-30,2.56,2.57,2.58,2.55,1517801.1
2019-10-31,2.57,2.58,2.58,2.57,1851311.64
2019-11-01,2.57,2.59,2.6,2.57,1730210.19
2019-11-04,2.59,2.59,2.61,2.59,1340231.51
2019-11-05,2.59,2.59,2.62,2.59,2198587.46
2019-11-06,2.59,2.61,2.62,2.59,1385611.5
2019-11-07,2.61,2.59,2.62,2.59,1456726.79
2019-11-08,2.6,2.56,2.62,2.55,2043124.15
2019-11-11,2.55,2.52,2.56,2.52,2608944.77
2019-11-12,2.53,2.52,2.54,2.52,1458279.49
2019-11-13,2.52,2.53,2.54,2.52,1728420.94
2019-11-14,2.53,2.52,2.54,2.51,1747484.55
2019-11-15,2.53,2.53,2.54,2.52,1386117.07
2019-11-18,2.53,2.54,2.54,2.52,1697528.43
2019-11-19,2.53,2.55,2.56,2.53,1486384.36
2019-11-20,2.55,2.54,2.55,2.53,1575929.61
2019-11-21,2.53,2.54,2.56,2.52,1899563.78
2019-11-22,2.55,2.55,2.57,2.54,1548681.89
2019-11-25,2.56,2.58,2.59,2.55,1948106.21
2019-11-26,2.59,2.58,2.6,2.58,2540886.7
2019-11-27,2.59,2.59,2.59,2.58,1091212.39
2019-11-28,2.59,2.58,2.59,2.57,1379384.67
2019-11-29,2.58,2.57,2.59,2.57,2162408.05
2019-12-02,2.57,2.57,2.58,2.57,1203962.97
2019-12-03,2.57,2.57,2.58,2.56,1263004.04
2019-12-04,2.57,2.56,2.57,2.56,1165119.9
2019-12-05,2.57,2.57,2.57,2.56,1446622.03
2019-12-06,2.57,2.56,2.57,2.55,917378.29
2019-12-09,2.56,2.56,2.57,2.54,1339847.69
2019-12-10,2.56,2.56,2.57,2.55,1527077.09
2019-12-11,2.57,2.56,2.57,2.55,1574843.84
2019-12-12,2.57,2.56,2.57,2.54,1961784.57
2019-12-13,2.57,2.59,2.6,2.56,2593158.28
2019-12-16,2.59,2.58,2.59,2.57,1526249.5
2019-12-17,2.59,2.59,2.62,2.57,2077258.24
2019-12-18,2.59,2.61,2.61,2.59,1592269.9
2019-12-19,2.61,2.62,2.62,2.6,1662331.46
2019-12-20,2.62,2.63,2.63,2.61,1320134.45
2019-12-23,2.63,2.62,2.64,2.61,1842624.26
2019-12-24,2.62,2.61,2.62,2.61,769698.96
2019-12-25,2.61,2.6,2.62,2.59,975581.03
2019-12-26,2.6,2.63,2.63,2.59,1276176.77
2019-12-27,2.62,2.64,2.66,2.62,2160089.74
2019-12-30,2.64,2.64,2.64,2.61,2160008.29
2019-12-31,2.63,2.62,2.64,2.61,1967030.8
2020-01-02,2.63,2.64,2.66,2.62,2055124.7
2020-01-03,2.65,2.64,2.65,2.63,1118142.76
2020-01-06,2.63,2.61,2.64,2.6,2510802.18
2020-01-07,2.61,2.64,2.66,2.61,2912949.55
2020-01-08,2.63,2.61,2.64,2.61,1682148.84
2020-01-09,2.62,2.61,2.63,2.6,1290993.47
2020-01-10,2.61,2.61,2.62,2.6,1027248.18
2020-01-13,2.61,2.61,2.61,2.59,1662265.09
2020-01-14,2.61,2.61,2.61,2.6,1314185.69
2020-01-15,2.6,2.59,2.61,2.59,1033064.9
2020-01-16,2.59,2.56,2.59,2.56,1820159.81
2020-01-17,2.56,2.57,2.58,2.55,992637.77
2020-01-20,2.57,2.57,2.57,2.56,872500.09
2020-01-21,2.57,2.54,2.57,2.53,1950674.23
2020-01-22,2.53,2.53,2.54,2.51,1788009.8
2020-01-23,2.52,2.49,2.52,2.49,2431274.36
2020-02-03,2.34,2.39,2.41,2.32,4777265.68
2020-02-04,2.37,2.42,2.43,2.37,3219481.23
2020-02-05,2.42,2.42,2.44,2.4,2481941.23
2020-02-06,2.43,2.43,2.44,2.41,1910762.62
2020-02-07,2.42,2.41,2.42,2.4,1991684.77
2020-02-10,2.4,2.4,2.41,2.39,1586097.76
2020-02-11,2.41,2.42,2.43,2.4,1791483.38
2020-02-12,2.42,2.43,2.43,2.41,1232113.53
2020-02-13,2.43,2.42,2.43,2.41,1232772.41
2020-02-14,2.41,2.43,2.43,2.41,1123135.58
2020-02-17,2.42,2.46,2.47,2.42,1895057.66
2020-02-18,2.45,2.44,2.46,2.44,1593549.52
2020-02-19,2.44,2.47,2.47,2.44,1582631.16
2020-02-20,2.47,2.49,2.49,2.45,1994229.33
2020-02-21,2.47,2.47,2.49,2.47,1432435.25
2020-02-24,2.47,2.45,2.48,2.45,1860105.4
2020-02-25,2.44,2.43,2.44,2.42,2105790.01
2020-02-26,2.42,2.44,2.45,2.41,2189189.63
2020-02-27,2.44,2.45,2.46,2.44,1700223.34
2020-02-28,2.44,2.42,2.47,2.42,2535858.83
2020-03-02,2.42,2.45,2.46,2.42,1812825.21
2020-03-03,2.46,2.47,2.47,2.45,1907567.55
2020-03-04,2.47,2.47,2.48,2.46,1406807.91
2020-03-05,2.47,2.49,2.5,2.47,2291823.26
2020-03-06,2.49,2.48,2.49,2.47,1519932.55
2020-03-09,2.46,2.43,2.46,2.42,2821717.72
2020-03-10,2.42,2.45,2.46,2.42,2078093.22
2020-03-11,2.46,2.43,2.46,2.43,1583657.14
2020-03-12,2.42,2.43,2.44,2.41,1858719.71
2020-03-13,2.4,2.41,2.43,2.37,2903983.3
2020-03-16,2.42,2.39,2.43,2.39,2596026.87
2020-03-17,2.39,2.41,2.42,2.38,2792972.35
2020-03-18,2.41,2.38,2.42,2.37,2143309.68
2020-03-19,2.37,2.35,2.4,2.34,2535946.46
2020-03-20,2.36,2.37,2.39,2.35,2458266.9
2020-03-23,2.35,2.32,2.35,2.32,1763631.85
2020-03-24,2.35,2.37,2.37,2.34,2137951.49
2020-03-25,2.4,2.39,2.4,2.37,1674231.54
2020-03-26,2.37,2.39,2.4,2.37,1357576.01
2020-03-27,2.4,2.4,2.42,2.39,1683813.75
2020-03-30,2.39,2.42,2.42,2.38,2181046.09
2020-03-31,2.42,2.39,2.43,2.37,1651900.34
2020-04-01,2.39,2.4,2.42,2.39,1116665.35
2020-04-02,2.39,2.41,2.41,2.38,1047867.74
2020-04-03,2.4,2.41,2.42,2.4,1157804.29
2020-04-07,2.43,2.42,2.43,2.42,1220966.77
2020-04-08,2.42,2.41,2.42,2.4,966158.64
2020-04-09,2.42,2.41,2.42,2.4,722320.0
2020-04-10,2.42,2.42,2.42,2.4,907580.39
2020-04-13,2.41,2.41,2.42,2.4,920479.01
2020-04-14,2.42,2.42,2.42,2.41,831783.66
2020-04-15,2.42,2.42,2.42,2.42,862672.4
2020-04-16,2.41,2.43,2.44,2.41,1063711.86
2020-04-17,2.44,2.44,2.44,2.42,1230781.94
2020-04-20,2.43,2.42,2.44,2.42,1120274.9
2020-04-21,2.42,2.42,2.42,2.41,1039959.97
2020-04-22,2.42,2.42,2.43,2.41,848105.04
2020-04-23,2.42,2.41,2.42,2.4,1179408.36
2020-04-24,2.41,2.41,2.41,2.4,612445.38
2020-04-27,2.4,2.42,2.43,2.4,1378678.38
2020-04-28,2.42,2.41,2.42,2.4,1229048.67
2020-04-29,2.42,2.44,2.44,2.41,1449932.02
2020-04-30,2.44,2.45,2.46,2.44,1184735.09
2020-05-06,2.42,2.42,2.43,2.41,2263613.03
2020-05-07,2.42,2.42,2.42,2.41,1314750.71
2020-05-08,2.42,2.42,2.42,2.41,1342731.16
2020-05-11,2.42,2.42,2.43,2.41,1315827.21
2020-05-12,2.42,2.42,2.43,2.42,788390.02
2020-05-13,2.42,2.42,2.42,2.41,690121.12
2020-05-14,2.41,2.4,2.42,2.4,794681.42
2020-05-15,2.41,2.4,2.41,2.4,936888.25
2020-05-18,2.4,2.4,2.41,2.4,962885.27
2020-05-19,2.41,2.41,2.42,2.4,897599.79
2020-05-20,2.41,2.42,2.42,2.4,968434.03
2020-05-21,2.42,2.41,2.42,2.4,826316.7
2020-05-22,2.41,2.39,2.41,2.39,1271629.33
2020-05-25,2.4,2.4,2.4,2.39,703112.57
2020-05-26,2.4,2.4,2.4,2.4,832791.23
2020-05-27,2.4,2.41,2.42,2.4,1035891.63
2020-05-28,2.42,2.43,2.43,2.41,1625057.08
2020-05-29,2.42,2.41,2.43,2.41,1061256.18
2020-06-01,2.42,2.42,2.43,2.41,1093454.82
2020-06-02,2.42,2.43,2.43,2.42,903739.63
2020-06-03,2.43,2.42,2.44,2.42,1489830.16
2020-06-04,2.43,2.42,2.44,2.42,984787.04
2020-06-05,2.42,2.42,2.42,2.42,730676.61
2020-06-08,2.42,2.42,2.42,2.41,1174452.01
2020-06-09,2.42,2.42,2.42,2.41,1471207.06
2020-06-10,2.42,2.41,2.42,2.41,1071199.72
2020-06-11,2.41,2.4,2.42,2.4,1845071.95
2020-06-12,2.39,2.4,2.4,2.38,3000637.91
2020-06-15,2.38,2.36,2.39,2.36,2346116.93
2020-06-16,2.37,2.37,2.38,2.37,1339180.0
2020-06-17,2.37,2.38,2.38,2.37,909603.16
2020-06-18,2.37,2.37,2.38,2.36,1684543.16
2020-06-19,2.37,2.37,2.38,2.37,2011989.1
2020-06-22,2.37,2.38,2.39,2.37,1999267.53
2020-06-23,2.37,2.37,2.38,2.37,1221076.07
2020-06-24,2.38,2.39,2.4,2.37,1712748.38
2020-06-29,2.39,2.39,2.4,2.37,1645915.44
2020-06-30,2.39,2.4,2.4,2.38,1529920.65
2020-07-01,2.4,2.4,2.41,2.39,1799746.46
2020-07-02,2.4,2.44,2.44,2.4,3276964.23
2020-07-03,2.44,2.49,2.49,2.44,3716922.67
2020-07-06,2.5,2.66,2.68,2.49,6923825.6
2020-07-07,2.69,2.64,2.74,2.64,5011850.52
2020-07-08,2.64,2.63,2.66,2.61,4612709.11
2020-07-09,2.63,2.58,2.64,2.57,5311726.47
2020-07-10,2.59,2.5,2.59,2.5,5489279.59
2020-07-13,2.5,2.5,2.52,2.48,6298933.77
2020-07-14,2.49,2.47,2.5,2.46,4513475.04
2020-07-15,2.48,2.45,2.48,2.45,4057866.47
2020-07-16,2.45,2.44,2.47,2.43,3956193.75
2020-07-17,2.45,2.45,2.45,2.43,2425786.93
2020-07-20,2.45,2.48,2.48,2.44,3502147.02
2020-07-21,2.48,2.46,2.48,2.45,2086229.73
2020-07-22,2.46,2.45,2.48,2.45,2589830.62
2020-07-23,2.45,2.44,2.45,2.42,3381775.27
2020-07-24,2.44,2.41,2.44,2.4,3104504.71
2020-07-27,2.42,2.4,2.42,2.4,1813847.8
2020-07-28,2.41,2.41,2.42,2.4,1664858.12
2020-07-29,2.4,2.42,2.43,2.4,2010710.42
2020-07-30,2.42,2.41,2.42,2.4,2033999.95
2020-07-31,2.41,2.41,2.42,2.4,2199505.7
2020-08-03,2.42,2.42,2.42,2.4,2101908.67
2020-08-04,2.41,2.44,2.45,2.41,3982557.4
2020-08-05,2.42,2.42,2.43,2.41,2036890.22
2020-08-06,2.42,2.42,2.43,2.41,1908300.91
2020-08-07,2.42,2.41,2.42,2.4,1782016.49
2020-08-10,2.41,2.41,2.42,2.4,1907100.47
2020-08-11,2.42,2.41,2.42,2.41,2319825.3
2020-08-12,2.41,2.42,2.42,2.4,1959183.81
2020-08-13,2.42,2.42,2.42,2.41,1546157.35
2020-08-14,2.42,2.42,2.43,2.41,1685278.97
2020-08-17,2.43,2.46,2.47,2.42,4580693.27
2020-08-18,2.45,2.44,2.46,2.43,2787921.46
2020-08-19,2.44,2.42,2.44,2.42,1983844.08
2020-08-20,2.42,2.42,2.42,2.41,1598072.13
2020-08-21,2.42,2.42,2.42,2.41,1424771.78
2020-08-24,2.42,2.41,2.42,2.41,1296575.06
2020-08-25,2.42,2.41,2.42,2.41,1104871.45
2020-08-26,2.42,2.41,2.42,2.4,1416273.05
2020-08-27,2.41,2.4,2.41,2.39,1941147.0
2020-08-28,2.4,2.41,2.42,2.39,1738548.18
2020-08-31,2.41,2.39,2.42,2.39,2288935.01
2020-09-01,2.39,2.39,2.4,2.39,1446094.23
2020-09-02,2.39,2.38,2.39,2.37,2487030.68
2020-09-03,2.37,2.36,2.39,2.36,1761717.54
2020-09-04,2.36,2.36,2.36,2.34,1589299.75
2020-09-07,2.35,2.34,2.36,2.34,1332971.41
2020-09-08,2.35,2.37,2.37,2.34,1543224.6
2020-09-09,2.36,2.36,2.37,2.36,1328930.77
2020-09-10,2.37,2.36,2.37,2.35,1244344.6
2020-09-11,2.36,2.36,2.36,2.35,1033232.66
2020-09-14,2.36,2.36,2.36,2.35,926041.2
2020-09-15,2.36,2.36,2.36,2.35,861950.14
2020-09-16,2.36,2.36,2.36,2.35,1060709.7
2020-09-17,2.36,2.36,2.37,2.36,1079628.23
2020-09-18,2.36,2.39,2.39,2.36,2041922.9
2020-09-21,2.39,2.38,2.39,2.37,1476060.24
2020-09-22,2.37,2.36,2.38,2.36,1334951.58
2020-09-23,2.36,2.36,2.36,2.36,947594.5
2020-09-24,2.36,2.35,2.36,2.34,1356116.97
2020-09-25,2.35,2.35,2.36,2.34,1701327.2
2020-09-28,2.35,2.38,2.38,2.34,2342504.19
2020-09-29,2.38,2.36,2.38,2.36,965496.68
2020-09-30,2.37,2.36,2.38,2.35,1868810.15
2020-10-09,2.37,2.36,2.38,2.36,1130315.3
2020-10-12,2.36,2.38,2.39,2.36,1976013.32
2020-10-13,2.37,2.36,2.38,2.36,1804094.85
2020-10-14,2.36,2.36,2.36,2.35,2060250.71
2020-10-15,2.36,2.37,2.37,2.35,1392775.02
2020-10-16,2.37,2.38,2.39,2.36,3660340.9
2020-10-19,2.39,2.39,2.42,2.38,4055852.66
2020-10-20,2.39,2.37,2.39,2.37,2108630.92
2020-10-21,2.38,2.39,2.39,2.36,1920689.51
2020-10-22,2.39,2.39,2.41,2.39,2115674.97
2020-10-23,2.39,2.41,2.42,2.39,2272667.63
2020-10-26,2.41,2.41,2.42,2.39,1961924.11
2020-10-27,2.4,2.39,2.4,2.39,1136152.45
2020-10-28,2.39,2.37,2.39,2.37,1231307.71
2020-10-29,2.36,2.35,2.36,2.35,1678500.48
2020-10-30,2.36,2.35,2.36,2.35,1613912.15
2020-11-02,2.36,2.36,2.37,2.35,1448238.49
2020-11-03,2.38,2.37,2.39,2.36,1609549.2
2020-11-04,2.38,2.36,2.38,2.36,1193757.37
2020-11-05,2.38,2.37,2.38,2.36,1342035.51
2020-11-06,2.38,2.39,2.39,2.36,1536008.91
2020-11-09,2.39,2.39,2.4,2.38,1871922.63
2020-11-10,2.4,2.39,2.41,2.39,1575411.47
2020-11-11,2.4,2.41,2.42,2.39,2442814.35
2020-11-12,2.41,2.39,2.41,2.39,1275841.49
2020-11-13,2.39,2.37,2.39,2.37,1540934.6
2020-11-16,2.38,2.38,2.39,2.37,1089455.17
2020-11-17,2.38,2.38,2.39,2.37,1233465.3
2020-11-18,2.39,2.39,2.41,2.38,2040921.12
2020-11-19,2.39,2.41,2.41,2.39,1435003.94
2020-11-20,2.4,2.39,2.41,2.39,1279993.08
2020-11-23,2.39,2.42,2.42,2.39,2493232.52
2020-11-24,2.41,2.41,2.42,2.41,1286759.05
2020-11-25,2.42,2.4,2.42,2.39,1532474.43
2020-11-26,2.4,2.41,2.42,2.39,1366312.01
2020-11-27,2.42,2.48,2.48,2.41,5789340.62
2020-11-30,2.49,2.45,2.57,2.45,7507052.2
2020-12-01,2.45,2.5,2.52,2.44,4099828.94
2020-12-02,2.5,2.48,2.5,2.47,2441264.46
2020-12-03,2.48,2.47,2.49,2.45,2312807.48
2020-12-04,2.47,2.44,2.47,2.43,2016990.58
2020-12-07,2.44,2.42,2.45,2.41,2645755.8
2020-12-08,2.42,2.4,2.43,2.39,1952234.44
2020-12-09,2.4,2.41,2.42,2.4,1433055.33
2020-12-10,2.41,2.41,2.42,2.4,1934379.46
2020-12-11,2.42,2.4,2.42,2.39,2085435.99
2020-12-14,2.41,2.4,2.42,2.4,1395903.21
2020-12-15,2.4,2.38,2.41,2.37,1878674.61
2020-12-16,2.38,2.37,2.39,2.36,2096859.06
2020-12-17,2.36,2.37,2.38,2.36,1763801.11
2020-12-18,2.37,2.36,2.38,2.36,1632847.76
2020-12-21,2.36,2.36,2.37,2.36,1372059.54
2020-12-22,2.36,2.35,2.36,2.34,2663407.13
2020-12-23,2.35,2.34,2.35,2.33,2340518.21
2020-12-24,2.35,2.34,2.35,2.33,891723.43
2020-12-25,2.34,2.35,2.35,2.33,1201163.03
2020-12-28,2.34,2.34,2.35,2.33,1628165.55
2020-12-29,2.34,2.34,2.35,2.33,1631336.78
2020-12-30,2.34,2.33,2.34,2.33,2441142.0
2020-12-31,2.33,2.34,2.36,2.33,2598223.73
2021-01-04,2.33,2.33,2.34,2.33,2537917.24
2021-01-05,2.33,2.33,2.33,2.32,2122005.06
2021-01-06,2.33,2.33,2.34,2.33,2230770.47
2021-01-07,2.33,2.34,2.35,2.33,2651717.31
2021-01-08,2.34,2.34,2.35,2.33,1949690.59
2021-01-11,2.34,2.35,2.36,2.33,2872075.19
2021-01-12,2.35,2.35,2.36,2.33,2358456.29
2021-01-13,2.35,2.36,2.36,2.34,2351773.66
2021-01-14,2.36,2.37,2.39,2.36,2415659.2
2021-01-15,2.37,2.39,2.42,2.36,4453895.09
2021-01-18,2.38,2.38,2.39,2.36,2988215.06
2021-01-19,2.37,2.39,2.4,2.36,3218256.23
2021-01-20,2.38,2.37,2.39,2.36,1930655.81
2021-01-21,2.37,2.36,2.38,2.36,1756110.02
2021-01-22,2.36,2.34,2.36,2.34,1649041.92
2021-01-25,2.34,2.34,2.35,2.33,1718584.66
2021-01-26,2.34,2.33,2.35,2.33,1593959.74
2021-01-27,2.34,2.35,2.36,2.33,1673167.87
2021-01-28,2.34,2.34,2.35,2.33,1376007.22
2021-01-29,2.34,2.35,2.36,2.33,2348366.6
2021-02-01,2.35,2.36,2.37,2.34,2121436.05
2021-02-02,2.37,2.35,2.38,2.35,1571961.93
2021-02-03,2.35,2.34,2.36,2.34,1520663.67
2021-02-04,2.34,2.35,2.36,2.33,1889949.96
2021-02-05,2.35,2.38,2.39,2.34,4373978.16
2021-02-08,2.38,2.37,2.39,2.36,2829753.56
2021-02-09,2.36,2.36,2.37,2.34,3154992.47
2021-02-10,2.36,2.39,2.41,2.36,3892936.14
2021-02-18,2.42,2.4,2.43,2.39,3714033.78
2021-02-19,2.4,2.41,2.42,2.39,2358212.73
2021-02-22,2.42,2.43,2.44,2.39,4032663.43
2021-02-23,2.42,2.42,2.45,2.42,4059097.06
2021-02-24,2.42,2.4,2.43,2.4,3175614.32
2021-02-25,2.41,2.44,2.44,2.41,3097092.72
2021-02-26,2.42,2.43,2.45,2.42,3808858.23
2021-03-01,2.43,2.42,2.45,2.42,2157371.84
2021-03-02,2.43,2.39,2.43,2.39,2561371.01
2021-03-03,2.39,2.45,2.45,2.39,3645786.28
2021-03-04,2.44,2.46,2.48,2.44,4531854.06
2021-03-05,2.46,2.5,2.5,2.45,4377773.86
2021-03-08,2.5,2.5,2.53,2.48,4568227.88
2021-03-09,2.51,2.48,2.54,2.48,3879302.35
2021-03-10,2.48,2.5,2.51,2.47,2067067.77
2021-03-11,2.52,2.52,2.56,2.49,3986709.8
2021-03-12,2.51,2.52,2.53,2.49,2227469.42
2021-03-15,2.52,2.55,2.56,2.5,3109147.93
2021-03-16,2.55,2.54,2.56,2.53,2180458.07
2021-03-17,2.53,2.53,2.54,2.5,2241012.93
2021-03-18,2.53,2.53,2.55,2.52,1750022.19
2021-03-19,2.53,2.49,2.54,2.48,2695439.0
2021-03-22,2.49,2.53,2.53,2.48,2098325.95
2021-03-23,2.53,2.53,2.55,2.5,1768610.44
2021-03-24,2.53,2.53,2.53,2.5,2236547.17
2021-03-25,2.53,2.49,2.54,2.49,2326179.36
2021-03-26,2.5,2.48,2.5,2.47,2139060.69
2021-03-29,2.48,2.52,2.53,2.47,2520924.96
2021-03-30,2.52,2.52,2.53,2.5,2076788.89
2021-03-31,2.51,2.53,2.53,2.5,2156340.28
2021-04-01,2.53,2.52,2.53,2.51,1319271.19
2021-04-02,2.52,2.5,2.53,2.48,2228531.2
2021-04-06,2.49,2.49,2.5,2.48,989615.06
2021-04-07,2.48,2.5,2.5,2.47,1794959.28
2021-04-08,2.49,2.49,2.5,2.48,1368786.45
2021-04-09,2.49,2.5,2.5,2.48,1689938.83
2021-04-12,2.5,2.53,2.53,2.5,1926942.0
2021-04-13,2.53,2.53,2.54,2.51,1740652.0
2021-04-14,2.53,2.5,2.53,2.49,1699211.72
2021-04-15,2.49,2.5,2.5,2.48,1291511.23
2021-04-16,2.5,2.5,2.5,2.49,867744.0
2021-04-19,2.5,2.5,2.51,2.49,1571886.22
2021-04-20,2.5,2.48,2.5,2.48,1609637.82
2021-04-21,2.48,2.48,2.49,2.48,1113390.53
2021-04-22,2.49,2.46,2.49,2.45,1922218.77
2021-04-23,2.46,2.43,2.47,2.43,2007128.26
2021-04-26,2.44,2.42,2.45,2.42,1834029.7
2021-04-27,2.42,2.41,2.42,2.4,1350030.64
2021-04-28,2.42,2.4,2.42,2.39,1596444.55
2021-04-29,2.4,2.41,2.42,2.39,2852282.24
2021-04-30,2.41,2.39,2.42,2.38,2602852.0
2021-05-06,2.39,2.39,2.4,2.39,1526100.95
2021-05-07,2.39,2.42,2.43,2.39,2206651.3
2021-05-10,2.42,2.42,2.42,2.4,1505542.46
2021-05-11,2.42,2.43,2.44,2.41,1618162.73
2021-05-12,2.42,2.44,2.45,2.42,1319707.48
2021-05-13,2.43,2.44,2.44,2.42,1058380.97
2021-05-14,2.44,2.45,2.45,2.43,1418803.0
2021-05-17,2.45,2.44,2.45,2.43,1512399.19
2021-05-18,2.44,2.42,2.44,2.42,1701609.41
2021-05-19,2.42,2.42,2.42,2.41,1553719.42
2021-05-20,2.42,2.42,2.43,2.41,1590669.0
2021-05-21,2.42,2.42,2.43,2.41,1175337.98
2021-05-24,2.42,2.42,2.42,2.41,930928.07
2021-05-25,2.42,2.44,2.45,2.42,3820642.32
2021-05-26,2.44,2.45,2.45,2.43,2366460.78
2021-05-27,2.45,2.44,2.45,2.44,1729846.6
2021-05-28,2.45,2.45,2.45,2.43,2095581.19
2021-05-31,2.45,2.43,2.45,2.42,1872459.78
2021-06-01,2.43,2.42,2.43,2.42,1783100.87
2021-06-02,2.42,2.45,2.45,2.41,3614953.67
2021-06-03,2.45,2.45,2.47,2.45,2674262.55
2021-06-04,2.45,2.48,2.48,2.45,2812085.13
2021-06-07,2.48,2.48,2.48,2.45,2805174.55
2021-06-08,2.48,2.5,2.5,2.45,3681242.74
2021-06-09,2.49,2.5,2.51,2.49,2787430.63
2021-06-10,2.49,2.48,2.51,2.47,2541243.99
2021-06-11,2.48,2.48,2.49,2.46,2011294.02
2021-06-15,2.48,2.45,2.48,2.44,2209725.69
2021-06-16,2.45,2.44,2.45,2.43,2246811.86
2021-06-17,2.45,2.44,2.48,2.43,3092720.58
2021-06-18,2.44,2.41,2.44,2.41,2602889.49
2021-06-21,2.42,2.4,2.42,2.39,2532134.97
2021-06-22,2.4,2.41,2.41,2.39,1989144.04
2021-06-23,2.4,2.41,2.41,2.4,1774258.24
2021-06-24,2.41,2.42,2.42,2.4,2070030.86
2021-06-25,2.41,2.43,2.44,2.41,1326846.97
2021-06-28,2.43,2.41,2.44,2.41,1426092.36
2021-06-29,2.41,2.4,2.41,2.4,1329395.14
2021-06-30,2.4,2.4,2.41,2.4,1647993.33
2021-07-01,2.41,2.41,2.41,2.4,1109275.27
2021-07-02,2.41,2.4,2.41,2.4,1305828.29
2021-07-05,2.4,2.41,2.41,2.39,1493881.07
2021-07-06,2.41,2.41,2.41,2.4,1310203.15
2021-07-07,2.41,2.4,2.41,2.4,1134286.62
2021-07-08,2.41,2.39,2.41,2.39,1763511.73
2021-07-09,2.4,2.4,2.41,2.39,1956856.5
2021-07-12,2.41,2.39,2.41,2.39,2047292.17
2021-07-13,2.39,2.39,2.4,2.38,1855759.62
2021-07-14,2.4,2.37,2.4,2.36,2974130.02
2021-07-15,2.37,2.38,2.38,2.37,1582344.41
2021-07-16,2.38,2.37,2.38,2.37,1350142.2
2021-07-19,2.37,2.38,2.38,2.37,1338805.34
2021-07-20,2.38,2.38,2.38,2.37,1039303.21
2021-07-21,2.37,2.37,2.38,2.36,1876157.57
2021-07-22,2.37,2.38,2.38,2.36,1295344.51
2021-07-23,2.37,2.37,2.38,2.36,1632418.91
2021-07-26,2.37,2.36,2.38,2.35,2198351.99
2021-07-27,2.36,2.34,2.37,2.34,2279113.52
2021-07-28,2.34,2.35,2.36,2.34,3066469.37
2021-07-29,2.35,2.34,2.36,2.34,1634062.46
2021-07-30,2.34,2.32,2.34,2.31,1919688.01
2021-08-02,2.31,2.33,2.34,2.3,2362337.54
2021-08-03,2.32,2.31,2.32,2.3,1595357.85
2021-08-04,2.3,2.31,2.32,2.3,1324488.61
2021-08-05,2.3,2.3,2.31,2.3,1521286.0
2021-08-06,2.3,2.3,2.3,2.3,1024003.32
2021-08-09,2.3,2.31,2.32,2.3,1678234.86
2021-08-10,2.31,2.31,2.32,2.3,1423640.07
2021-08-11,2.31,2.34,2.34,2.31,3082059.59
2021-08-12,2.33,2.33,2.34,2.32,1211603.92
2021-08-13,2.32,2.32,2.33,2.31,901282.49
2021-08-16,2.32,2.32,2.33,2.31,1012687.63
2021-08-17,2.32,2.32,2.34,2.32,1780377.24
2021-08-18,2.31,2.34,2.35,2.31,2365522.93
2021-08-19,2.34,2.33,2.34,2.32,1511865.52
2021-08-20,2.33,2.34,2.35,2.32,2118413.77
2021-08-23,2.34,2.34,2.34,2.34,1273690.0
2021-08-24,2.34,2.33,2.34,2.33,1177603.76
2021-08-25,2.33,2.32,2.33,2.32,1099465.75
2021-08-26,2.32,2.31,2.33,2.31,1222318.34
2021-08-27,2.31,2.32,2.32,2.31,1282525.01
2021-08-30,2.31,2.31,2.32,2.3,1972912.01
2021-08-31,2.31,2.34,2.34,2.3,2664243.36
2021-09-01,2.34,2.37,2.37,2.34,3381567.21
2021-09-02,2.36,2.36,2.37,2.35,1602181.07
2021-09-03,2.37,2.38,2.38,2.35,2172751.44
2021-09-06,2.38,2.38,2.39,2.37,1601023.15
2021-09-07,2.38,2.39,2.41,2.37,2456223.9
2021-09-08,2.4,2.41,2.41,2.38,2088002.94
2021-09-09,2.4,2.41,2.41,2.39,1716369.94
2021-09-10,2.41,2.41,2.44,2.4,3263723.57
2021-09-13,2.4,2.4,2.41,2.39,2331395.16
2021-09-14,2.41,2.37,2.41,2.37,2836145.13
2021-09-15,2.37,2.36,2.38,2.35,2007711.59
2021-09-16,2.36,2.35,2.38,2.35,2632774.0
2021-09-17,2.35,2.36,2.37,2.35,1895274.08
2021-09-22,2.34,2.34,2.34,2.33,2319195.77
2021-09-23,2.34,2.34,2.36,2.34,1984368.17
2021-09-24,2.34,2.33,2.35,2.33,1728572.51
2021-09-27,2.33,2.32,2.34,2.31,2304529.93
2021-09-28,2.32,2.34,2.34,2.32,2160211.09
2021-09-29,2.33,2.34,2.35,2.32,2480507.13
2021-09-30,2.34,2.33,2.34,2.32,2060522.63
2021-10-08,2.34,2.34,2.35,2.33,2600396.1
2021-10-11,2.34,2.37,2.38,2.34,3084897.27
2021-10-12,2.36,2.36,2.37,2.35,2406114.96
2021-10-13,2.36,2.34,2.36,2.34,1423437.45
2021-10-14,2.35,2.34,2.35,2.34,1332778.79
2021-10-15,2.34,2.34,2.34,2.34,1612849.78
2021-10-18,2.34,2.34,2.34,2.33,2012591.36
2021-10-19,2.34,2.34,2.34,2.34,1485276.19
2021-10-20,2.34,2.34,2.34,2.33,1482814.0
2021-10-21,2.34,2.35,2.35,2.33,2357274.62
2021-10-22,2.35,2.34,2.36,2.34,1671062.55
2021-10-25,2.34,2.34,2.35,2.34,1439506.37
2021-10-26,2.34,2.33,2.34,2.33,2177354.67
2021-10-27,2.33,2.33,2.34,2.32,1617751.36
2021-10-28,2.33,2.32,2.33,2.31,1586692.49
2021-10-29,2.33,2.33,2.33,2.32,1487462.68
2021-11-01,2.33,2.34,2.34,2.32,2672993.29
2021-11-02,2.34,2.32,2.34,2.31,3040744.36
2021-11-03,2.32,2.32,2.33,2.31,1752127.82
2021-11-04,2.32,2.31,2.33,2.31,1757474.51
2021-11-05,2.31,2.31,2.32,2.31,1400457.53
2021-11-08,2.31,2.31,2.32,2.31,1334760.75
2021-11-09,2.32,2.31,2.32,2.31,1220665.87
2021-11-10,2.31,2.3,2.32,2.3,1849563.7
2021-11-11,2.3,2.33,2.33,2.3,2288790.63
2021-11-12,2.32,2.32,2.33,2.31,1507437.26
2021-11-15,2.32,2.32,2.33,2.31,1420809.97
2021-11-16,2.32,2.32,2.33,2.31,1444860.97
2021-11-17,2.32,2.32,2.33,2.31,1778329.6
2021-11-18,2.32,2.32,2.33,2.31,1448098.38
2021-11-19,2.32,2.34,2.34,2.32,2314892.41
2021-11-22,2.33,2.33,2.34,2.32,1842326.54
2021-11-23,2.33,2.33,2.33,2.32,1454401.85
2021-11-24,2.32,2.33,2.33,2.32,1277551.83
2021-11-25,2.32,2.31,2.33,2.31,1473214.79
2021-11-26,2.32,2.31,2.32,2.3,2041048.01
2021-11-29,2.3,2.31,2.31,2.3,2426868.42
2021-11-30,2.31,2.3,2.31,2.3,1969398.72
2021-12-01,2.3,2.32,2.32,2.3,1810932.43
2021-12-02,2.32,2.32,2.32,2.31,1802016.94
2021-12-03,2.31,2.32,2.32,2.31,1576915.75
2021-12-06,2.32,2.32,2.33,2.31,2165852.45
2021-12-07,2.33,2.33,2.34,2.32,3022806.64
2021-12-08,2.34,2.32,2.34,2.32,2561223.14
2021-12-09,2.33,2.34,2.34,2.32,3287483.46
2021-12-10,2.33,2.33,2.34,2.33,3422934.85
2021-12-13,2.33,2.32,2.34,2.32,2575867.82
2021-12-14,2.32,2.32,2.33,2.31,2424295.7
2021-12-15,2.31,2.32,2.33,2.31,2405472.58
2021-12-16,2.32,2.33,2.33,2.31,2524123.62
2021-12-17,2.33,2.32,2.33,2.32,2102581.46
2021-12-20,2.32,2.33,2.33,2.32,1757761.74
2021-12-21,2.33,2.33,2.34,2.32,2765155.19
2021-12-22,2.34,2.33,2.34,2.33,2350068.61
2021-12-23,2.33,2.33,2.34,2.32,1640132.32
2021-12-24,2.33,2.33,2.34,2.32,1331792.0
2021-12-27,2.33,2.33,2.33,2.32,1310715.01
2021-12-28,2.33,2.34,2.34,2.32,2946584.56
2021-12-29,2.33,2.33,2.34,2.32,1619991.03
2021-12-30,2.33,2.33,2.33,2.32,1830234.18
2021-12-31,2.33,2.33,2.33,2.32,1073074.36
2022-01-04,2.33,2.33,2.34,2.32,2310244.14
2022-01-05,2.33,2.35,2.35,2.33,4724650.72
2022-01-06,2.34,2.34,2.35,2.34,2214268.17
2022-01-07,2.34,2.37,2.38,2.34,4190490.15
2022-01-10,2.37,2.37,2.38,2.36,3135206.83
2022-01-11,2.37,2.38,2.38,2.36,2427763.2
2022-01-12,2.38,2.36,2.38,2.35,2532623.75
2022-01-13,2.36,2.38,2.38,2.36,3369837.34
2022-01-14,2.38,2.35,2.38,2.34,3132315.0
2022-01-17,2.35,2.34,2.36,2.34,2017546.18
2022-01-18,2.34,2.37,2.37,2.34,2973020.07
2022-01-19,2.36,2.36,2.37,2.35,2155923.47
2022-01-20,2.37,2.38,2.38,2.36,3611030.13
2022-01-21,2.38,2.38,2.38,2.36,2287637.81
2022-01-24,2.37,2.37,2.38,2.35,2873471.5
2022-01-25,2.36,2.34,2.37,2.34,2748279.86
2022-01-26,2.34,2.34,2.35,2.34,2319472.0
2022-01-27,2.34,2.34,2.35,2.33,3112173.5
2022-01-28,2.34,2.34,2.36,2.34,3668890.77
2022-02-07,2.36,2.38,2.38,2.35,3503654.0
2022-02-08,2.38,2.42,2.44,2.38,5738496.89
2022-02-09,2.42,2.41,2.44,2.41,4156029.03
2022-02-10,2.41,2.44,2.44,2.41,3321913.33
2022-02-11,2.43,2.44,2.45,2.42,3387087.95
2022-02-14,2.44,2.41,2.44,2.4,3397755.0
2022-02-15,2.41,2.39,2.41,2.39,3123907.66
2022-02-16,2.4,2.41,2.41,2.4,1845041.68
2022-02-17,2.41,2.41,2.42,2.4,2678942.78
2022-02-18,2.4,2.41,2.41,2.4,1879300.48
2022-02-21,2.41,2.4,2.41,2.4,1853321.09
2022-02-22,2.4,2.38,2.4,2.38,1966749.54
2022-02-23,2.39,2.38,2.39,2.38,2427223.55
2022-02-24,2.38,2.35,2.38,2.35,3393577.97
2022-02-25,2.36,2.35,2.37,2.34,3150082.07
2022-02-28,2.34,2.36,2.36,2.34,2508246.65
2022-03-01,2.35,2.38,2.38,2.35,2117196.87
2022-03-02,2.37,2.38,2.38,2.36,1900071.91
2022-03-03,2.38,2.38,2.39,2.37,2239996.85
2022-03-04,2.39,2.38,2.39,2.37,2518340.04
2022-03-07,2.37,2.35,2.38,2.35,3256040.13
2022-03-08,2.35,2.35,2.36,2.34,3376255.05
2022-03-09,2.35,2.33,2.36,2.32,4369285.09
2022-03-10,2.34,2.33,2.35,2.33,2222318.6
2022-03-11,2.33,2.35,2.36,2.32,3726251.07
2022-03-14,2.34,2.35,2.38,2.34,3993175.47
2022-03-15,2.35,2.32,2.35,2.31,4766698.95
2022-03-16,2.32,2.33,2.34,2.3,4194328.63
2022-03-17,2.34,2.32,2.34,2.31,4070341.54
2022-03-18,2.32,2.34,2.35,2.31,4126359.3
2022-03-21,2.34,2.33,2.35,2.33,2114648.98
2022-03-22,2.34,2.37,2.37,2.33,3911381.0
2022-03-23,2.37,2.37,2.38,2.35,2324451.9
2022-03-24,2.36,2.37,2.38,2.35,1941442.15
2022-03-25,2.37,2.36,2.38,2.36,2021454.51
2022-03-28,2.36,2.39,2.39,2.34,3580567.34
2022-03-29,2.38,2.4,2.4,2.38,2120655.25
2022-03-30,2.41,2.41,2.41,2.39,3934578.92
2022-03-31,2.41,2.44,2.45,2.41,5375238.06
2022-04-01,2.43,2.44,2.45,2.42,3264421.41
2022-04-06,2.43,2.45,2.46,2.43,4731533.17
2022-04-07,2.45,2.45,2.46,2.43,3794811.84
2022-04-08,2.45,2.45,2.45,2.43,2871153.5
2022-04-11,2.45,2.43,2.45,2.43,3480357.79
2022-04-12,2.43,2.44,2.45,2.42,4010616.6
2022-04-13,2.44,2.43,2.45,2.42,3466609.89
2022-04-14,2.45,2.43,2.45,2.43,3300502.26
2022-04-15,2.43,2.43,2.44,2.42,3495086.52
2022-04-18,2.42,2.41,2.43,2.41,2740758.53
2022-04-19,2.41,2.42,2.42,2.4,2482612.9
2022-04-20,2.41,2.42,2.44,2.41,3002546.64
2022-04-21,2.42,2.43,2.45,2.42,4155648.27
2022-04-22,2.43,2.45,2.45,2.43,3320529.94
2022-04-25,2.44,2.42,2.45,2.42,5281444.23
2022-04-26,2.42,2.43,2.45,2.41,4623295.68
2022-04-27,2.43,2.4,2.43,2.38,4625165.55
2022-04-28,2.39,2.42,2.42,2.39,4536610.53
2022-04-29,2.42,2.42,2.44,2.41,3994061.29
2022-05-05,2.43,2.44,2.45,2.41,3769362.0
2022-05-06,2.43,2.41,2.43,2.41,2397381.15
2022-05-09,2.41,2.43,2.43,2.41,2180898.13
2022-05-10,2.42,2.45,2.45,2.42,3897461.95
2022-05-11,2.45,2.41,2.45,2.41,4317287.41
2022-05-12,2.41,2.4,2.41,2.4,2288677.69
2022-05-13,2.41,2.41,2.41,2.4,2025606.12
2022-05-16,2.41,2.41,2.41,2.4,3102146.92
2022-05-17,2.41,2.39,2.41,2.38,4593532.6
2022-05-18,2.39,2.39,2.4,2.38,1965474.07
2022-05-19,2.38,2.39,2.39,2.38,2840914.0
2022-05-20,2.39,2.39,2.4,2.38,3626823.0
2022-05-23,2.39,2.38,2.4,2.38,2725284.07
2022-05-24,2.38,2.4,2.4,2.38,3960478.39
2022-05-25,2.39,2.4,2.4,2.39,2540751.72
2022-05-26,2.4,2.41,2.41,2.39,2993351.9
2022-05-27,2.41,2.41,2.41,2.4,2236788.0
2022-05-30,2.41,2.39,2.41,2.39,3605474.59
2022-05-31,2.39,2.4,2.4,2.38,3742772.05
2022-06-01,2.4,2.38,2.4,2.38,2550564.86
2022-06-02,2.38,2.38,2.39,2.38,2487739.37
2022-06-06,2.38,2.37,2.39,2.37,4856099.68
2022-06-07,2.38,2.37,2.38,2.37,2876002.99
2022-06-08,2.38,2.37,2.38,2.36,3349121.94
2022-06-09,2.37,2.38,2.38,2.36,3069064.21
2022-06-10,2.38,2.39,2.4,2.37,5745917.77
2022-06-13,2.38,2.38,2.39,2.37,3444409.62
2022-06-14,2.37,2.39,2.39,2.37,3682059.8
2022-06-15,2.39,2.4,2.41,2.38,5268336.68
2022-06-16,2.41,2.38,2.41,2.38,3736591.81
2022-06-17,2.38,2.38,2.39,2.38,3048673.89
2022-06-20,2.38,2.38,2.39,2.38,2840486.33
2022-06-21,2.38,2.38,2.39,2.37,3437953.71
2022-06-22,2.39,2.38,2.4,2.38,3141313.39
2022-06-23,2.39,2.39,2.4,2.38,3416264.4
2022-06-24,2.4,2.38,2.4,2.38,3437100.7
2022-06-27,2.38,2.38,2.39,2.38,4717935.16
2022-06-28,2.38,2.38,2.39,2.38,2750028.62
2022-06-29,2.39,2.39,2.4,2.38,3616084.57
2022-06-30,2.39,2.39,2.4,2.38,3342373.32
2022-07-01,2.39,2.38,2.39,2.38,2082977.61
2022-07-04,2.38,2.39,2.39,2.38,2747384.02
2022-07-05,2.39,2.4,2.4,2.38,2599479.01
2022-07-06,2.4,2.39,2.4,2.38,4472487.0
2022-07-07,2.39,2.39,2.4,2.38,2573362.51
2022-07-08,2.4,2.4,2.41,2.39,3012419.0
2022-07-11,2.4,2.41,2.41,2.4,5057243.81
2022-07-12,2.41,2.41,2.42,2.41,5364534.45
2022-07-13,2.41,2.38,2.41,2.38,6306656.55
2022-07-14,2.38,2.34,2.38,2.33,8702018.18
2022-07-15,2.37,2.35,2.38,2.35,5725633.37
2022-07-18,2.36,2.39,2.39,2.35,2874599.43
2022-07-19,2.39,2.42,2.42,2.38,3625976.98
2022-07-20,2.43,2.43,2.44,2.42,2660880.35
2022-07-21,2.44,2.4,2.44,2.4,2732961.2
2022-07-22,2.41,2.43,2.44,2.4,3022449.88
2022-07-25,2.43,2.44,2.44,2.42,1677339.64
2022-07-26,2.44,2.44,2.45,2.44,2526238.06
2022-07-27,2.45,2.42,2.45,2.42,1925604.16
2022-07-28,2.42,2.43,2.44,2.41,2375320.44
2022-07-29,2.44,2.43,2.44,2.41,2308259.42
2022-08-01,2.42,2.42,2.43,2.41,2049073.46
2022-08-02,2.41,2.4,2.42,2.39,2976613.84
2022-08-03,2.4,2.39,2.41,2.39,2159804.6
2022-08-04,2.4,2.44,2.44,2.39,4110166.47
2022-08-05,2.44,2.44,2.44,2.42,1914576.57
2022-08-08,2.43,2.42,2.44,2.41,2444495.46
2022-08-09,2.43,2.42,2.43,2.41,1500987.48
2022-08-10,2.42,2.42,2.42,2.4,1178082.16
2022-08-11,2.42,2.43,2.44,2.41,2028097.96
2022-08-12,2.42,2.41,2.43,2.4,2705041.82
2022-08-15,2.41,2.41,2.42,2.4,1757602.8
2022-08-16,2.41,2.4,2.42,2.4,1172028.88
2022-08-17,2.41,2.41,2.42,2.4,2551289.52
2022-08-18,2.41,2.4,2.42,2.4,1552135.71
2022-08-19,2.4,2.41,2.41,2.4,1335138.56
2022-08-22,2.4,2.4,2.41,2.4,1401750.02
2022-08-23,2.41,2.4,2.41,2.4,1229922.56
2022-08-24,2.4,2.4,2.41,2.4,1813911.19
2022-08-25,2.4,2.41,2.41,2.4,1725369.39
2022-08-26,2.41,2.4,2.41,2.4,1267749.09
2022-08-29,2.4,2.4,2.41,2.4,1826871.3
2022-08-30,2.4,2.4,2.41,2.4,1522845.14
2022-08-31,2.41,2.43,2.43,2.4,4342195.45
2022-09-01,2.42,2.41,2.43,2.41,1504962.36
2022-09-02,2.42,2.41,2.43,2.41,1906547.83
2022-09-05,2.41,2.42,2.42,2.4,1539691.5
2022-09-06,2.42,2.42,2.43,2.41,1681325.05
2022-09-07,2.43,2.41,2.43,2.4,2039585.77
2022-09-08,2.41,2.41,2.42,2.41,1664764.86
2022-09-09,2.42,2.42,2.43,2.41,3081362.93
2022-09-13,2.43,2.43,2.44,2.42,3144044.32
2022-09-14,2.42,2.43,2.44,2.42,2950859.24
2022-09-15,2.44,2.45,2.45,2.43,3971217.29
2022-09-16,2.45,2.43,2.45,2.43,4191390.16
2022-09-19,2.43,2.45,2.45,2.43,2921358.24
2022-09-20,2.45,2.42,2.45,2.42,2693825.6
2022-09-21,2.43,2.44,2.45,2.41,2532441.8
2022-09-22,2.44,2.44,2.45,2.43,1960000.75
2022-09-23,2.44,2.45,2.46,2.44,4191163.5
2022-09-26,2.45,2.43,2.46,2.43,3667546.75
2022-09-27,2.43,2.41,2.44,2.41,2391624.91
2022-09-28,2.41,2.43,2.44,2.41,2512076.52
2022-09-29,2.44,2.4,2.44,2.4,2513124.31
2022-09-30,2.41,2.44,2.44,2.41,2602100.09
2022-10-10,2.43,2.45,2.45,2.43,6209579.11
2022-10-11,2.45,2.45,2.46,2.43,3930747.36
2022-10-12,2.45,2.44,2.45,2.43,2984197.58
2022-10-13,2.44,2.44,2.45,2.43,2193883.82
2022-10-14,2.44,2.43,2.45,2.42,4427677.46
2022-10-17,2.43,2.43,2.44,2.42,1758097.03
2022-10-18,2.43,2.43,2.44,2.42,2120570.88
2022-10-19,2.42,2.42,2.43,2.42,1763817.73
2022-10-20,2.42,2.43,2.43,2.42,2183253.8
2022-10-21,2.43,2.44,2.45,2.42,3338061.76
2022-10-24,2.44,2.43,2.45,2.43,4429839.81
2022-10-25,2.43,2.43,2.44,2.42,3202700.82
2022-10-26,2.44,2.41,2.44,2.4,5359026.07
2022-10-27,2.41,2.39,2.41,2.37,5815664.65
2022-10-28,2.39,2.39,2.4,2.38,3067466.72
2022-10-31,2.38,2.35,2.39,2.35,4235208.49
2022-11-01,2.36,2.33,2.36,2.31,8534810.93
2022-11-02,2.32,2.32,2.33,2.3,5364922.19
2022-11-03,2.32,2.32,2.33,2.31,1874573.06
2022-11-04,2.33,2.34,2.35,2.32,4020349.48
2022-11-07,2.34,2.34,2.34,2.34,2867222.63
2022-11-08,2.34,2.33,2.34,2.33,2715505.63
2022-11-09,2.33,2.34,2.34,2.33,1608438.24
2022-11-10,2.34,2.35,2.36,2.33,3345455.12
2022-11-11,2.36,2.38,2.38,2.35,4084083.03
2022-11-14,2.38,2.39,2.4,2.38,3303145.84
2022-11-15,2.4,2.39,2.4,2.38,1868999.92
2022-11-16,2.39,2.38,2.4,2.38,1801133.18
2022-11-17,2.38,2.38,2.39,2.37,1960051.71
2022-11-18,2.39,2.38,2.4,2.38,2719239.03
2022-11-21,2.38,2.38,2.39,2.37,1923287.42
2022-11-22,2.38,2.4,2.41,2.38,3258203.38
2022-11-23,2.41,2.42,2.43,2.4,3457234.67
2022-11-24,2.43,2.41,2.44,2.41,1658552.18
2022-11-25,2.42,2.45,2.45,2.41,5097654.15
2022-11-28,2.44,2.44,2.44,2.41,3465155.44
2022-11-29,2.44,2.45,2.46,2.43,4993833.72
2022-11-30,2.45,2.45,2.46,2.45,3499783.6
2022-12-01,2.46,2.44,2.46,2.44,2946808.9
2022-12-02,2.44,2.44,2.45,2.43,2396544.63
2022-12-05,2.45,2.46,2.46,2.43,4114257.96
2022-12-06,2.46,2.46,2.47,2.45,3238564.36
2022-12-07,2.46,2.45,2.47,2.45,2952956.52
2022-12-08,2.45,2.47,2.47,2.45,2053809.34
2022-12-09,2.47,2.46,2.47,2.45,2280345.81
2022-12-12,2.46,2.44,2.46,2.44,3482973.23
2022-12-13,2.44,2.45,2.46,2.44,2672123.44
2022-12-14,2.47,2.46,2.47,2.45,1833949.78
2022-12-15,2.46,2.45,2.46,2.45,1627742.5
2022-12-16,2.45,2.47,2.47,2.45,2697098.19
2022-12-19,2.47,2.45,2.47,2.45,2628156.45
2022-12-20,2.45,2.43,2.46,2.43,2365620.15
2022-12-21,2.44,2.43,2.45,2.43,1248251.75
2022-12-22,2.45,2.44,2.45,2.43,1386535.57
2022-12-23,2.44,2.45,2.45,2.43,1895851.46
2022-12-26,2.45,2.43,2.45,2.43,2107888.98
2022-12-27,2.44,2.46,2.47,2.44,3566586.35
2022-12-28,2.47,2.47,2.48,2.46,3510243.68
2022-12-29,2.47,2.45,2.48,2.45,2374403.79
2022-12-30,2.46,2.48,2.49,2.45,3854639.89
2023-01-03,2.48,2.47,2.48,2.46,2987681.91
2023-01-04,2.47,2.5,2.51,2.46,3972458.3
2023-01-05,2.51,2.5,2.51,2.49,2972184.66
2023-01-06,2.5,2.49,2.51,2.48,3621642.27
2023-01-09,2.5,2.49,2.5,2.48,2251798.32
2023-01-10,2.49,2.48,2.49,2.47,2634670.91
2023-01-11,2.48,2.48,2.49,2.47,1981617.92
2023-01-12,2.48,2.49,2.49,2.47,2863624.36
2023-01-13,2.49,2.51,2.51,2.48,3083283.4
2023-01-16,2.51,2.48,2.51,2.48,5611539.13
2023-01-17,2.48,2.48,2.49,2.47,2234449.59
2023-01-18,2.49,2.49,2.5,2.48,2228855.25
2023-01-19,2.49,2.49,2.5,2.48,1949922.39
2023-01-20,2.49,2.49,2.49,2.48,3064832.01
2023-01-30,2.5,2.49,2.51,2.48,3779496.73
2023-01-31,2.49,2.48,2.5,2.48,2316895.64
2023-02-01,2.48,2.49,2.49,2.47,2606570.52
2023-02-02,2.49,2.49,2.5,2.48,2739866.39
2023-02-03,2.49,2.48,2.5,2.48,2598663.14
2023-02-06,2.48,2.49,2.49,2.47,1934542.09
2023-02-07,2.49,2.49,2.49,2.48,1118938.89
2023-02-08,2.49,2.49,2.5,2.48,2275742.77
2023-02-09,2.5,2.5,2.5,2.49,1417005.29
2023-02-10,2.5,2.5,2.5,2.49,1304854.65
2023-02-13,2.49,2.49,2.5,2.48,2882647.44
2023-02-14,2.49,2.48,2.49,2.48,1170387.76
2023-02-15,2.49,2.48,2.49,2.48,1941542.61
2023-02-16,2.48,2.48,2.49,2.48,1807870.64
2023-02-17,2.48,2.49,2.5,2.48,3563911.17
2023-02-20,2.49,2.51,2.51,2.49,3390376.09
2023-02-21,2.51,2.51,2.51,2.5,2383318.01
2023-02-22,2.51,2.5,2.51,2.5,1571123.59
2023-02-23,2.51,2.5,2.51,2.5,2846116.0
2023-02-24,2.5,2.49,2.51,2.49,2635366.0
2023-02-27,2.5,2.49,2.5,2.48,2361757.8
2023-02-28,2.5,2.5,2.5,2.48,1856981.66
2023-03-01,2.5,2.5,2.51,2.49,3386190.9
2023-03-02,2.5,2.5,2.51,2.49,2226700.46
2023-03-03,2.51,2.53,2.53,2.5,5837474.32
2023-03-06,2.54,2.52,2.55,2.52,4597401.36
2023-03-07,2.53,2.57,2.6,2.52,8555751.15
2023-03-08,2.57,2.57,2.57,2.54,3370718.55
2023-03-09,2.57,2.57,2.6,2.57,4091318.09
2023-03-10,2.56,2.54,2.57,2.54,3417305.67
2023-03-13,2.54,2.57,2.57,2.53,2788041.14
2023-03-14,2.56,2.57,2.58,2.55,2836817.18
2023-03-15,2.57,2.59,2.6,2.57,3476943.8
2023-03-16,2.58,2.62,2.65,2.58,6762034.15
2023-03-17,2.63,2.63,2.65,2.61,5038061.66
2023-03-20,2.63,2.64,2.67,2.63,5575066.3
2023-03-21,2.65,2.6,2.67,2.6,4474987.66
2023-03-22,2.61,2.63,2.63,2.6,2935809.79
2023-03-23,2.63,2.64,2.64,2.62,2594430.39
2023-03-24,2.63,2.6,2.63,2.6,2938509.84
2023-03-27,2.6,2.6,2.63,2.57,4345280.31
2023-03-28,2.6,2.63,2.63,2.6,2787788.01
2023-03-29,2.63,2.64,2.66,2.63,3593162.11
2023-03-30,2.65,2.63,2.67,2.63,2642463.43
2023-03-31,2.65,2.65,2.67,2.64,2996115.5
2023-04-03,2.65,2.64,2.66,2.63,3669634.72
2023-04-04,2.64,2.69,2.69,2.63,4266797.76
2023-04-06,2.69,2.71,2.72,2.68,4183260.9
2023-04-07,2.72,2.7,2.72,2.69,2490524.0
2023-04-10,2.7,2.7,2.72,2.68,3534604.51
2023-04-11,2.7,2.74,2.74,2.69,3567007.06
2023-04-12,2.74,2.75,2.78,2.73,4116730.9
2023-04-13,2.75,2.76,2.78,2.74,2817564.52
2023-04-14,2.77,2.75,2.78,2.75,2098955.93
2023-04-17,2.74,2.81,2.81,2.74,4241776.2
2023-04-18,2.81,2.86,2.87,2.8,5171505.21
2023-04-19,2.86,2.87,2.9,2.85,4631170.54
2023-04-20,2.88,2.87,2.9,2.83,4441968.57
2023-04-21,2.87,2.84,2.91,2.84,4659767.26
2023-04-24,2.85,2.86,2.88,2.84,4620333.03
2023-04-25,2.86,2.92,2.93,2.86,6235941.02
2023-04-26,2.92,2.89,2.92,2.84,6709347.92
2023-04-27,2.89,2.92,2.93,2.88,4553592.01
2023-04-28,2.91,2.92,2.93,2.89,3909952.68
2023-05-04,2.91,3.05,3.07,2.9,7483260.71
2023-05-05,3.06,3.09,3.16,3.05,7119307.69
2023-05-08,3.1,3.32,3.35,3.09,11798484.02
2023-05-09,3.34,3.26,3.38,3.23,11171400.6
2023-05-10,3.24,3.08,3.25,3.05,11708213.54
2023-05-11,3.07,3.06,3.1,3.03,5440429.11
2023-05-12,3.04,3.03,3.08,3.01,4581378.48
2023-05-15,3.03,3.05,3.06,2.91,10027081.71
2023-05-16,3.04,3.07,3.13,3.03,6593667.79
2023-05-17,3.06,3.05,3.09,3.03,3651205.91
2023-05-18,3.06,3.15,3.17,3.06,5839255.29
2023-05-19,3.14,3.09,3.14,3.09,4290298.18
2023-05-22,3.08,3.08,3.12,3.05,3908962.03
2023-05-23,3.07,2.98,3.09,2.98,5971727.4
2023-05-24,2.97,2.91,2.97,2.89,6852447.83
2023-05-25,2.89,2.93,2.94,2.87,4345079.64
2023-05-26,2.92,2.98,3.0,2.92,3067482.55
2023-05-29,2.99,3.03,3.04,2.99,3429752.87
2023-05-30,3.03,2.98,3.03,2.96,3975398.21
2023-05-31,2.98,3.0,3.0,2.95,3825941.7
2023-06-01,2.98,2.95,2.99,2.92,5065227.61
2023-06-02,2.95,2.95,2.97,2.93,3437543.45
2023-06-05,2.95,3.03,3.03,2.94,4353772.13
2023-06-06,3.03,3.03,3.09,3.03,3742619.25
2023-06-07,3.03,3.09,3.11,3.03,3468997.45
2023-06-08,3.1,3.16,3.17,3.07,5036105.93
2023-06-09,3.17,3.14,3.17,3.13,3425195.22
2023-06-12,3.13,3.12,3.14,3.09,4409832.39
2023-06-13,3.11,3.13,3.15,3.09,3465550.5
2023-06-14,3.13,3.03,3.15,3.03,5493499.72
2023-06-15,3.03,3.07,3.09,3.03,3626137.81
2023-06-16,3.09,3.05,3.09,3.04,2853378.86
2023-06-19,3.05,3.0,3.06,2.98,4399209.44
2023-06-20,3.01,2.98,3.02,2.97,3054839.09
2023-06-21,2.98,3.01,3.05,2.97,2998189.69
2023-06-26,3.0,2.96,3.01,2.95,4029036.99
2023-06-27,2.95,3.01,3.02,2.93,4113941.52
2023-06-28,3.0,3.0,3.02,2.97,3252509.45
2023-06-29,2.99,2.97,3.0,2.97,2864259.4
2023-06-30,2.97,3.01,3.02,2.97,2803102.98
2023-07-03,3.02,3.09,3.09,3.01,3586926.71
2023-07-04,3.09,3.03,3.09,3.02,3729326.7
2023-07-05,3.04,3.03,3.04,3.0,2116226.06
2023-07-06,3.02,2.99,3.03,2.97,3439896.71
2023-07-07,2.98,3.0,3.02,2.98,1805379.1
2023-07-10,3.0,2.99,3.02,2.98,1797165.3
2023-07-11,3.0,3.01,3.02,2.99,1845016.0
2023-07-12,3.01,3.03,3.03,3.0,2209462.88
2023-07-13,3.03,3.08,3.08,3.03,3171887.4
2023-07-14,3.08,3.08,3.09,3.06,2954278.55
2023-07-17,3.09,3.09,3.09,3.05,4323828.87
2023-07-18,3.1,3.08,3.12,3.08,4001720.56
2023-07-19,3.08,3.08,3.09,3.06,2728502.65
2023-07-20,3.08,3.1,3.11,3.08,2087402.44
2023-07-21,3.09,3.09,3.11,3.09,1494400.01
2023-07-24,3.09,3.11,3.11,3.08,1561232.92
2023-07-25,3.12,3.17,3.17,3.11,3195089.54
2023-07-26,3.16,3.16,3.18,3.14,1784601.45
2023-07-27,3.17,3.21,3.25,3.16,3004812.3
2023-07-28,3.2,3.27,3.28,3.19,3274326.93
2023-07-31,3.28,3.28,3.37,3.25,4413073.91
2023-08-01,3.27,3.29,3.31,3.26,2148569.5
2023-08-02,3.27,3.18,3.27,3.18,5010064.5
2023-08-03,3.18,3.22,3.24,3.15,3225276.0
2023-08-04,3.24,3.22,3.27,3.22,2805904.7
2023-08-07,3.22,3.2,3.22,3.17,2673237.24
2023-08-08,3.19,3.18,3.22,3.18,1973530.95
2023-08-09,3.18,3.19,3.21,3.18,2064024.03
2023-08-10,3.2,3.19,3.2,3.18,1831225.65
2023-08-11,3.19,3.14,3.2,3.14,3022920.01
2023-08-14,3.11,3.1,3.12,3.08,2794160.03
2023-08-15,3.1,3.17,3.18,3.09,3195440.12
2023-08-16,3.16,3.17,3.18,3.13,2132165.4
2023-08-17,3.16,3.15,3.18,3.12,2455254.23
2023-08-18,3.14,3.17,3.19,3.14,2857721.6
2023-08-21,3.18,3.11,3.18,3.1,3175587.13
2023-08-22,3.11,3.16,3.17,3.11,3163270.01
2023-08-23,3.16,3.16,3.18,3.15,2510814.48
2023-08-24,3.17,3.15,3.18,3.13,2763578.32
2023-08-25,3.14,3.16,3.18,3.13,2606606.14
2023-08-28,3.26,3.21,3.27,3.18,4526725.99
2023-08-29,3.2,3.16,3.21,3.14,3975237.53
2023-08-30,3.16,3.16,3.16,3.13,2191173.7
2023-08-31,3.16,3.14,3.18,3.14,2067045.66
2023-09-01,3.14,3.12,3.15,3.12,2133388.39
2023-09-04,3.13,3.16,3.16,3.13,2322133.14
2023-09-05,3.15,3.13,3.15,3.13,1346521.88
2023-09-06,3.13,3.14,3.15,3.13,1299551.92
2023-09-07,3.14,3.14,3.15,3.12,2006402.94
2023-09-08,3.13,3.13,3.14,3.12,1327145.09
2023-09-11,3.13,3.12,3.13,3.11,2200491.48
2023-09-12,3.12,3.12,3.13,3.11,1160455.24
2023-09-13,3.12,3.13,3.14,3.11,2058957.83
2023-09-14,3.13,3.18,3.18,3.12,4552913.87
2023-09-15,3.18,3.15,3.2,3.15,3555350.76
2023-09-18,3.16,3.15,3.16,3.13,2634991.45
2023-09-19,3.15,3.2,3.2,3.14,3635733.3
2023-09-20,3.2,3.25,3.27,3.19,4177440.5
2023-09-21,3.26,3.23,3.27,3.22,2805875.64
2023-09-22,3.23,3.26,3.27,3.2,3714281.85
2023-09-25,3.26,3.28,3.29,3.25,3291333.91
2023-09-26,3.28,3.28,3.3,3.27,2586036.41
2023-09-27,3.28,3.23,3.28,3.23,3154589.64
2023-09-28,3.25,3.27,3.28,3.24,2631104.06
2023-10-09,3.25,3.27,3.3,3.22,3022637.92
2023-10-10,3.27,3.27,3.31,3.26,2670485.7
2023-10-11,3.28,3.31,3.32,3.27,3707038.03
2023-10-12,3.36,3.33,3.42,3.31,5954786.98
2023-10-13,3.32,3.37,3.4,3.31,5072833.16
2023-10-16,3.37,3.37,3.38,3.33,3292025.04
2023-10-17,3.36,3.37,3.38,3.36,2029201.0
2023-10-18,3.37,3.39,3.4,3.36,3137931.02
2023-10-19,3.38,3.33,3.39,3.32,4718541.91
2023-10-20,3.31,3.32,3.34,3.28,4207668.64
2023-10-23,3.3,3.31,3.35,3.29,2919950.71
2023-10-24,3.32,3.27,3.33,3.25,4029147.28
2023-10-25,3.28,3.23,3.28,3.21,5401327.29
2023-10-26,3.22,3.28,3.29,3.21,4237219.24
2023-10-27,3.29,3.29,3.33,3.27,4198135.35
2023-10-30,3.29,3.23,3.29,3.2,6038786.56
2023-10-31,3.22,3.26,3.27,3.21,3210902.52
2023-11-01,3.26,3.28,3.29,3.24,3092760.21
2023-11-02,3.29,3.32,3.34,3.28,2971691.0
2023-11-03,3.32,3.28,3.32,3.27,2936573.87
2023-11-06,3.28,3.25,3.28,3.23,3742103.09
2023-11-07,3.24,3.27,3.28,3.23,2615548.62
2023-11-08,3.27,3.27,3.28,3.26,1626710.61
2023-11-09,3.26,3.29,3.3,3.25,2547629.76
2023-11-10,3.29,3.29,3.34,3.28,3074486.77
2023-11-13,3.29,3.28,3.29,3.25,1951944.14
2023-11-14,3.28,3.29,3.31,3.27,2498937.69
2023-11-15,3.3,3.28,3.31,3.27,2246594.19
2023-11-16,3.28,3.31,3.32,3.27,3115452.98
2023-11-17,3.3,3.29,3.31,3.28,1927914.75
2023-11-20,3.29,3.31,3.32,3.29,2274335.02
2023-11-21,3.32,3.33,3.34,3.31,2748102.01
2023-11-22,3.32,3.32,3.34,3.31,1633432.93
2023-11-23,3.32,3.32,3.33,3.31,1755174.01
2023-11-24,3.32,3.32,3.34,3.3,2222330.0
2023-11-27,3.32,3.29,3.32,3.27,3098687.93
2023-11-28,3.3,3.3,3.31,3.28,1859984.87
2023-11-29,3.3,3.29,3.31,3.28,2153748.0
2023-11-30,3.29,3.32,3.32,3.28,2785039.35
2023-12-01,3.32,3.31,3.34,3.31,3190755.64
2023-12-04,3.32,3.3,3.33,3.3,1876127.17
2023-12-05,3.31,3.27,3.31,3.27,2717832.05
2023-12-06,3.27,3.2,3.27,3.2,5169956.91
2023-12-07,3.2,3.23,3.24,3.18,3530056.56
2023-12-08,3.23,3.24,3.26,3.21,3156025.73
2023-12-11,3.24,3.22,3.24,3.18,3964809.57
2023-12-12,3.22,3.28,3.29,3.21,4118896.14
2023-12-13,3.28,3.28,3.3,3.27,3069810.98
2023-12-14,3.29,3.28,3.31,3.27,2160570.45
2023-12-15,3.29,3.25,3.3,3.25,2661979.66
2023-12-18,3.25,3.28,3.3,3.22,3086827.49
2023-12-19,3.29,3.3,3.3,3.27,2621205.77
2023-12-20,3.3,3.29,3.33,3.29,3037652.82
2023-12-21,3.29,3.27,3.29,3.27,3221251.22
2023-12-22,3.28,3.29,3.3,3.27,2851835.7
2023-12-25,3.29,3.32,3.32,3.29,2092689.66
2023-12-26,3.32,3.33,3.34,3.3,2307493.63
2023-12-27,3.33,3.35,3.36,3.3,3410897.72
2023-12-28,3.35,3.29,3.37,3.28,5655405.6
2023-12-29,3.29,3.3,3.32,3.28,3237253.3
2024-01-02,3.3,3.32,3.34,3.29,3479088.16
2024-01-03,3.33,3.37,3.37,3.32,4784762.67
2024-01-04,3.37,3.42,3.43,3.36,3886243.71
2024-01-05,3.42,3.38,3.43,3.37,4927900.67
2024-01-08,3.38,3.37,3.39,3.36,3932484.34
2024-01-09,3.37,3.37,3.38,3.33,3837285.71
2024-01-10,3.37,3.37,3.38,3.36,2595812.57
2024-01-11,3.37,3.31,3.37,3.3,3754085.54
2024-01-12,3.3,3.36,3.37,3.3,3295817.03
2024-01-15,3.36,3.37,3.37,3.35,2236255.02
2024-01-16,3.36,3.39,3.4,3.36,3449265.03
2024-01-17,3.39,3.36,3.4,3.36,3333685.59
2024-01-18,3.35,3.35,3.37,3.25,7456928.71
2024-01-19,3.34,3.34,3.35,3.29,4059314.44
2024-01-22,3.33,3.34,3.37,3.32,5440686.85
2024-01-23,3.34,3.34,3.36,3.29,4014667.94
2024-01-24,3.35,3.4,3.4,3.34,4903047.42
2024-01-25,3.41,3.45,3.46,3.4,4491321.7
2024-01-26,3.45,3.5,3.52,3.43,4760958.86
2024-01-29,3.51,3.55,3.57,3.5,4506840.32
2024-01-30,3.55,3.52,3.57,3.5,3542950.63
2024-01-31,3.51,3.53,3.57,3.49,3806679.26
2024-02-01,3.53,3.53,3.55,3.52,3280502.61
2024-02-02,3.53,3.57,3.6,3.52,5576294.43
2024-02-05,3.57,3.65,3.66,3.56,6618512.74
2024-02-06,3.65,3.71,3.74,3.64,6878237.49
2024-02-07,3.69,3.65,3.69,3.57,7487103.34
2024-02-08,3.62,3.59,3.62,3.54,4956839.19
2024-02-19,3.6,3.7,3.7,3.56,5729908.18
2024-02-20,3.7,3.76,3.79,3.68,3971185.93
2024-02-21,3.76,3.79,3.84,3.75,4329099.9
2024-02-22,3.79,3.81,3.82,3.77,2908760.84
2024-02-23,3.81,3.86,3.9,3.81,3694256.19
2024-02-26,3.86,3.76,3.88,3.75,4270768.34
2024-02-27,3.75,3.77,3.81,3.73,3106965.08
2024-02-28,3.77,3.77,3.8,3.73,3903360.77
2024-02-29,3.76,3.8,3.8,3.76,2956966.8
2024-03-01,3.79,3.85,3.86,3.78,3674741.44
2024-03-04,3.85,3.85,3.86,3.82,3598371.39
2024-03-05,3.84,3.94,3.96,3.83,4325301.91
2024-03-06,3.94,3.86,3.99,3.85,4257836.9
2024-03-07,3.86,3.88,3.89,3.86,3273286.97
2024-03-08,3.87,3.87,3.9,3.86,3357413.84
2024-03-11,3.87,3.85,3.88,3.82,3742059.1
2024-03-12,3.84,3.76,3.85,3.76,4728140.58
2024-03-13,3.75,3.74,3.77,3.73,2833143.18
2024-03-14,3.74,3.77,3.78,3.74,2418454.28
2024-03-15,3.77,3.77,3.81,3.77,3038043.4
2024-03-18,3.77,3.75,3.78,3.74,2960729.84
2024-03-19,3.75,3.71,3.75,3.68,3828059.56
2024-03-20,3.7,3.75,3.76,3.69,3046036.99
2024-03-21,3.75,3.76,3.78,3.74,2898266.82
2024-03-22,3.76,3.79,3.79,3.74,3310881.77
2024-03-25,3.78,3.82,3.83,3.77,3701609.29
2024-03-26,3.84,3.84,3.85,3.79,3665462.7
2024-03-27,3.84,3.88,3.91,3.83,3899335.79
2024-03-28,3.87,3.78,3.88,3.76,5065248.69
2024-03-29,3.78,3.84,3.87,3.77,3631581.0
2024-04-01,3.84,3.84,3.86,3.82,2538393.01
2024-04-02,3.84,3.87,3.91,3.84,3727012.18
2024-04-03,3.87,3.89,3.9,3.86,2420209.47
2024-04-08,3.88,3.94,3.96,3.87,3499291.8
2024-04-09,3.95,3.88,3.96,3.86,3908223.51
2024-04-10,3.88,3.89,3.92,3.88,2856389.06
2024-04-11,3.89,3.87,3.9,3.86,2584904.66
2024-04-12,3.87,3.88,3.89,3.86,2960298.74
2024-04-15,3.88,3.96,3.97,3.88,4049082.48
2024-04-16,3.96,4.02,4.05,3.94,5002801.19
2024-04-17,4.0,4.05,4.06,3.95,4297922.04
2024-04-18,4.03,4.07,4.15,4.02,4989038.23
2024-04-19,4.06,4.12,4.13,4.06,3030853.96
2024-04-22,4.13,4.08,4.19,4.06,3990693.28
2024-04-23,4.08,4.08,4.14,4.03,3398348.01
2024-04-24,4.08,4.07,4.11,4.05,2797185.51
2024-04-25,4.07,4.13,4.13,4.06,3059281.48
2024-04-26,4.13,4.04,4.15,4.04,5351659.49
2024-04-29,4.04,4.0,4.05,3.98,4218751.92
2024-04-30,3.99,3.99,4.03,3.98,3190006.25
2024-05-06,4.0,3.95,4.02,3.94,4524351.89
2024-05-07,3.94,3.97,3.98,3.91,4183247.2
2024-05-08,3.97,4.02,4.03,3.96,3882372.47
2024-05-09,4.02,3.97,4.02,3.96,3904115.29
2024-05-10,3.96,3.96,3.99,3.96,2917494.76
2024-05-13,3.96,3.97,3.98,3.94,3028943.85
2024-05-14,3.97,3.94,3.97,3.94,2629608.86
2024-05-15,3.94,3.94,3.95,3.93,1710065.8
2024-05-16,3.94,3.95,3.96,3.93,2736564.13
2024-05-17,3.96,3.97,3.97,3.95,2939952.74
2024-05-20,3.98,3.96,4.02,3.96,3790477.19
2024-05-21,3.96,4.0,4.01,3.96,3052812.77
2024-05-22,4.0,4.01,4.03,3.99,2684609.0
2024-05-23,4.01,3.99,4.02,3.98,2696494.68
2024-05-24,3.99,3.98,4.02,3.98,2695364.95
2024-05-27,3.99,4.04,4.05,3.98,3911691.35
2024-05-28,4.05,4.05,4.06,4.03,2523083.93
2024-05-29,4.04,4.02,4.06,4.01,3307220.0
2024-05-30,4.02,3.98,4.05,3.97,3269760.86
2024-05-31,3.98,3.98,4.0,3.97,2166887.61
2024-06-03,3.98,4.0,4.0,3.96,3201183.45
2024-06-04,4.0,4.0,4.02,3.99,2457818.43
2024-06-05,4.0,4.03,4.04,3.98,3310843.96
2024-06-06,4.02,4.02,4.04,4.01,3998562.65
2024-06-07,4.06,4.08,4.09,4.04,4989685.56
2024-06-11,4.08,3.99,4.1,3.98,5328434.38
2024-06-12,3.99,3.98,4.0,3.9,4103131.93
2024-06-13,3.98,4.04,4.05,3.97,3678462.99
2024-06-14,4.03,4.07,4.08,4.03,3630992.58
2024-06-17,4.06,3.99,4.07,3.97,4235149.0
2024-06-18,3.99,4.0,4.01,3.92,3085889.29
2024-06-19,4.0,4.04,4.04,3.99,2954153.52
2024-06-20,4.04,4.06,4.06,4.03,2530040.0
2024-06-21,4.06,4.01,4.07,4.01,3407348.29
2024-06-24,4.01,4.07,4.08,4.0,3685223.57
2024-06-25,4.07,4.08,4.09,4.05,3312466.79
2024-06-26,4.08,4.1,4.12,4.07,2915743.63
2024-06-27,4.1,4.13,4.15,4.1,3900845.08
2024-06-28,4.14,4.17,4.19,4.12,3727756.69
2024-07-01,4.17,4.25,4.26,4.16,3474874.92
2024-07-02,4.25,4.33,4.34,4.24,4098263.34
2024-07-03,4.34,4.3,4.34,4.26,3463649.46
2024-07-04,4.29,4.34,4.36,4.29,2945320.89
2024-07-05,4.34,4.27,4.34,4.25,4203380.63
2024-07-08,4.26,4.31,4.34,4.25,3195237.38
2024-07-09,4.3,4.34,4.34,4.25,3752905.16
2024-07-10,4.33,4.35,4.36,4.32,2749870.27
2024-07-11,4.34,4.32,4.35,4.29,3003717.97
2024-07-12,4.32,4.4,4.41,4.31,3755893.23
2024-07-15,4.4,4.52,4.55,4.4,4053993.17
2024-07-16,4.53,4.51,4.57,4.46,3582600.37
2024-07-17,4.51,4.52,4.55,4.47,2773647.58
2024-07-18,4.53,4.52,4.55,4.47,2947507.75
2024-07-19,4.51,4.51,4.52,4.43,4087714.52
2024-07-22,4.49,4.44,4.5,4.39,4571347.1
2024-07-23,4.43,4.54,4.58,4.42,4889129.9
2024-07-24,4.53,4.56,4.6,4.5,4472340.96
2024-07-25,4.56,4.52,4.57,4.46,4249397.88
2024-07-26,4.51,4.42,4.52,4.36,4877457.02
2024-07-29,4.41,4.5,4.51,4.36,3878614.52
2024-07-30,4.5,4.5,4.53,4.46,2906896.11
2024-07-31,4.51,4.39,4.52,4.38,5154914.17
2024-08-01,4.37,4.43,4.46,4.32,4323911.53
2024-08-02,4.42,4.45,4.47,4.39,3203657.03
2024-08-05,4.45,4.43,4.48,4.39,4117573.96
2024-08-06,4.43,4.37,4.45,4.34,3567590.89
2024-08-07,4.37,4.35,4.41,4.34,2572005.32
2024-08-08,4.36,4.37,4.38,4.34,1932056.3
2024-08-09,4.37,4.41,4.42,4.35,2386186.16
2024-08-12,4.41,4.44,4.47,4.39,2618556.0
2024-08-13,4.44,4.46,4.5,4.42,2930700.61
2024-08-14,4.45,4.46,4.49,4.44,2200468.71
2024-08-15,4.46,4.48,4.49,4.44,2797481.51
2024-08-16,4.49,4.56,4.56,4.48,3732286.03
2024-08-19,4.56,4.68,4.69,4.54,4164773.84
2024-08-20,4.68,4.71,4.73,4.65,4158269.92
2024-08-21,4.69,4.66,4.7,4.59,3910822.86
2024-08-22,4.65,4.7,4.73,4.64,4023360.03
2024-08-23,4.7,4.71,4.72,4.62,3453711.59
2024-08-26,4.7,4.71,4.72,4.65,2734023.5
2024-08-27,4.71,4.77,4.79,4.7,3817026.24
2024-08-28,4.77,4.73,4.79,4.7,3570929.58
2024-08-29,4.72,4.51,4.74,4.5,6468569.79
2024-08-30,4.47,4.33,4.52,4.31,8888083.94
2024-09-02,4.34,4.49,4.51,4.32,6832835.21
2024-09-03,4.48,4.29,4.48,4.25,7005030.25
2024-09-04,4.26,4.33,4.38,4.25,4929748.3
2024-09-05,4.33,4.31,4.36,4.28,3456481.25
2024-09-06,4.32,4.32,4.37,4.31,2823346.97
2024-09-09,4.31,4.33,4.34,4.25,3523875.84
2024-09-10,4.33,4.4,4.45,4.32,3912874.51
2024-09-11,4.4,4.27,4.41,4.25,4583072.11
2024-09-12,4.26,4.29,4.31,4.19,3664332.23
2024-09-13,4.29,4.25,4.32,4.21,3326105.79
2024-09-18,4.26,4.31,4.31,4.25,2831117.84
2024-09-19,4.31,4.31,4.34,4.25,3852501.81
2024-09-20,4.31,4.34,4.35,4.3,4325988.66
2024-09-23,4.34,4.42,4.43,4.33,3140679.92
2024-09-24,4.45,4.59,4.59,4.43,5961475.76
2024-09-25,4.66,4.63,4.76,4.56,6108474.82
2024-09-26,4.63,4.68,4.69,4.59,5470694.87
2024-09-27,4.71,4.5,4.72,4.47,8258820.4
2024-09-30,4.49,4.59,4.69,4.36,17676902.37
2024-10-08,4.8,4.56,4.95,4.51,16541298.11
2024-10-09,4.52,4.47,4.59,4.45,10397871.24
2024-10-10,4.49,4.61,4.69,4.48,10799282.63
2024-10-11,4.61,4.62,4.73,4.57,7265854.64
2024-10-14,4.69,4.81,4.84,4.67,9569347.93
2024-10-15,4.79,4.71,4.83,4.71,5972496.78
2024-10-16,4.71,4.8,4.82,4.69,5589521.97
2024-10-17,4.8,4.77,4.83,4.77,4230908.37
2024-10-18,4.78,4.75,4.79,4.65,6994598.32
2024-10-21,4.72,4.63,4.72,4.6,7186844.13
2024-10-22,4.63,4.65,4.68,4.6,4957197.64
2024-10-23,4.64,4.64,4.66,4.62,3790487.77
2024-10-24,4.64,4.66,4.69,4.62,3282840.83
2024-10-25,4.66,4.61,4.67,4.59,3824150.51
2024-10-28,4.59,4.56,4.6,4.52,5463791.24
2024-10-29,4.55,4.58,4.59,4.54,4288483.78
2024-10-30,4.57,4.51,4.59,4.51,3867745.59
2024-10-31,4.53,4.53,4.56,4.5,3795837.35
2024-11-01,4.52,4.57,4.58,4.51,4554258.0
2024-11-04,4.56,4.57,4.58,4.51,3784116.29
2024-11-05,4.56,4.59,4.59,4.55,3642398.69
2024-11-06,4.58,4.56,4.6,4.55,3236393.0
2024-11-07,4.56,4.59,4.59,4.53,4414664.65
2024-11-08,4.58,4.56,4.6,4.54,4641518.67
2024-11-11,4.53,4.49,4.54,4.48,4960115.83
2024-11-12,4.48,4.45,4.52,4.44,4527653.23
2024-11-13,4.45,4.46,4.49,4.43,3366148.96
2024-11-14,4.45,4.49,4.52,4.44,4517015.88
2024-11-15,4.49,4.5,4.55,4.45,5136855.57
2024-11-18,4.52,4.59,4.62,4.52,7050667.89
2024-11-19,4.59,4.55,4.61,4.5,5684594.72
2024-11-20,4.54,4.56,4.58,4.53,3619546.3
2024-11-21,4.56,4.56,4.57,4.55,2186033.0
2024-11-22,4.56,4.5,4.58,4.5,3192658.0
2024-11-25,4.52,4.53,4.55,4.5,3310716.0
2024-11-26,4.53,4.6,4.62,4.51,5055429.0
2024-11-27,4.59,4.62,4.65,4.58,4272565.85
2024-11-28,4.61,4.64,4.66,4.58,4014822.7
2024-11-29,4.66,4.6,4.67,4.59,4284121.59
2024-12-02,4.61,4.61,4.61,4.56,3545076.93
2024-12-03,4.6,4.68,4.68,4.6,4676731.4
2024-12-04,4.68,4.7,4.72,4.65,3806477.81
2024-12-05,4.69,4.71,4.74,4.69,2779118.02
2024-12-06,4.71,4.74,4.79,4.7,5104518.49
2024-12-09,4.74,4.79,4.83,4.71,5055622.36
2024-12-10,4.82,4.83,4.86,4.76,6229465.58
2024-12-11,4.82,4.76,4.85,4.76,4695042.66
2024-12-12,4.77,4.81,4.81,4.73,4199125.0
2024-12-13,4.79,4.79,4.82,4.77,4875659.68
2024-12-16,4.78,4.89,4.92,4.78,5667160.83
2024-12-17,4.89,4.88,4.98,4.87,4282423.94
2024-12-18,4.9,4.88,4.97,4.86,5445083.25
2024-12-19,4.88,4.82,4.89,4.81,4821700.21
2024-12-20,4.82,4.82,4.88,4.81,5047986.15
2024-12-23,4.83,4.97,4.98,4.82,6959877.33
2024-12-24,4.96,5.02,5.03,4.93,4329040.76
2024-12-25,5.03,5.08,5.19,5.02,5665600.01
2024-12-26,5.08,5.07,5.1,4.99,4301401.27
2024-12-27,5.05,5.08,5.1,4.94,5136807.13
2024-12-30,5.06,5.14,5.16,5.05,4207177.13
2024-12-31,5.14,5.11,5.21,5.11,4630191.01
2025-01-02,5.11,4.98,5.17,4.95,6404374.45
2025-01-03,4.97,4.93,5.01,4.88,5330975.69
2025-01-06,4.94,4.97,4.99,4.83,4945205.58
2025-01-07,4.95,5.03,5.03,4.9,5267161.7
2025-01-08,5.05,5.07,5.13,5.03,5331964.11
2025-01-09,5.07,5.03,5.09,4.98,4047900.0
2025-01-10,5.03,4.99,5.06,4.96,3544959.99
2025-01-13,4.98,4.93,4.99,4.86,4287159.4
2025-01-14,4.92,4.95,4.99,4.91,4564823.4
2025-01-15,4.95,4.97,5.05,4.94,4742621.27
2025-01-16,4.98,4.99,5.01,4.94,3517482.61
2025-01-17,4.98,4.95,5.0,4.94,3396981.92
2025-01-20,4.96,4.91,4.97,4.9,3489046.94
2025-01-21,4.92,4.91,4.95,4.87,3074393.96
2025-01-22,4.91,4.83,4.92,4.8,4745271.02
2025-01-23,4.84,4.96,4.98,4.84,6564899.43
2025-01-24,4.95,4.94,4.98,4.87,4276489.38
2025-01-27,4.94,5.05,5.09,4.94,5647885.52
2025-02-05,5.06,4.95,5.08,4.94,4994575.95
2025-02-06,4.95,4.94,4.98,4.91,3486912.39
2025-02-07,4.93,4.92,4.94,4.88,4760287.41
2025-02-10,4.92,4.92,4.95,4.89,3283176.51
2025-02-11,4.92,5.0,5.0,4.91,4821723.42
2025-02-12,5.0,5.03,5.04,4.97,3808088.37
2025-02-13,5.01,5.05,5.08,5.0,3777676.28
2025-02-14,5.06,5.1,5.1,5.03,3599212.96
2025-02-17,5.09,5.13,5.14,5.04,3930422.38
2025-02-18,5.12,5.18,5.22,5.11,4592009.67
2025-02-19,5.17,5.14,5.2,5.14,3505724.83
2025-02-20,5.14,5.16,5.19,5.13,2575061.27
2025-02-21,5.16,5.07,5.17,5.06,4947170.33
2025-02-24,5.05,5.03,5.08,5.0,4382258.55
2025-02-25,5.03,5.0,5.06,4.99,4131691.71
2025-02-26,5.0,5.01,5.08,5.0,4490481.9
2025-02-27,5.01,5.05,5.07,4.98,4297279.54
2025-02-28,5.04,5.02,5.09,5.02,5264313.66
2025-03-03,5.03,5.0,5.05,4.98,4551973.11
2025-03-04,5.0,4.98,5.02,4.97,4142611.93
2025-03-05,4.98,5.05,5.09,4.96,6320382.92
2025-03-06,5.04,5.0,5.05,4.99,6063525.32
2025-03-07,5.0,4.99,5.02,4.98,3636986.81
2025-03-10,4.99,4.96,5.0,4.94,4715746.24
2025-03-11,4.95,4.98,4.98,4.94,4339330.6
2025-03-12,4.97,4.95,4.98,4.93,4136446.72
2025-03-13,4.95,4.98,4.99,4.94,3835347.0
2025-03-14,4.98,4.98,5.01,4.98,5176360.31
2025-03-17,4.99,5.02,5.03,4.98,3804463.73
2025-03-18,5.03,5.01,5.03,5.0,2738082.7
2025-03-19,5.02,5.06,5.07,5.01,4235753.41
2025-03-20,5.06,5.03,5.08,5.02,2890629.72
2025-03-21,5.03,4.98,5.04,4.98,3336366.6
2025-03-24,4.98,5.03,5.04,4.98,3894007.52
2025-03-25,5.04,5.06,5.06,5.03,2561609.8
2025-03-26,5.06,5.04,5.06,5.02,2525386.32
2025-03-27,5.04,5.04,5.09,5.03,3514142.02
2025-03-28,5.03,4.99,5.04,4.99,3156481.72
2025-03-31,5.02,5.07,5.08,4.99,5601122.97
2025-04-01,5.06,5.02,5.07,4.99,4794328.38
2025-04-02,5.01,5.06,5.07,5.01,3860854.15
2025-04-03,5.05,5.11,5.11,5.04,5004421.89
2025-04-07,5.05,4.93,5.06,4.82,10993627.49
2025-04-08,4.92,5.0,5.02,4.92,7405590.77
2025-04-09,4.98,4.98,5.01,4.93,5793546.16
2025-04-10,4.98,4.98,4.98,4.95,4709640.82
2025-04-11,4.98,5.02,5.02,4.96,4860434.71
2025-04-14,5.01,5.07,5.09,5.0,4573363.53
2025-04-15,5.07,5.19,5.19,5.06,6038486.37
2025-04-16,5.19,5.26,5.27,5.17,5025547.9
2025-04-17,5.25,5.26,5.27,5.19,3462211.34
2025-04-18,5.25,5.31,5.33,5.25,3559332.74
2025-04-21,5.3,5.26,5.41,5.25,4439583.77
2025-04-22,5.26,5.39,5.42,5.25,4887731.17
2025-04-23,5.4,5.37,5.42,5.34,3117569.74
2025-04-24,5.37,5.47,5.5,5.36,3960388.73
2025-04-25,5.48,5.44,5.53,5.4,4025215.23
2025-04-28,5.43,5.49,5.51,5.43,3152022.74
2025-04-29,5.48,5.47,5.51,5.44,2982690.12
2025-04-30,5.45,5.31,5.46,5.26,6559433.3
2025-05-06,5.31,5.27,5.33,5.23,4835623.62
2025-05-07,5.29,5.35,5.35,5.25,4988741.91
2025-05-08,5.35,5.33,5.4,5.32,3595511.85
2025-05-09,5.34,5.4,5.42,5.33,3971027.37
2025-05-12,5.39,5.41,5.44,5.35,3629025.08
2025-05-13,5.41,5.51,5.52,5.39,4040773.58
2025-05-14,5.5,5.52,5.57,5.47,4032809.89
2025-05-15,5.52,5.54,5.59,5.5,4145149.05
2025-05-16,5.53,5.47,5.54,5.44,4106810.78
2025-05-19,5.46,5.45,5.51,5.44,3046830.03
2025-05-20,5.45,5.45,5.49,5.42,2981515.12
2025-05-21,5.45,5.46,5.5,5.44,2671126.94
2025-05-22,5.46,5.49,5.51,5.44,3125163.36
2025-05-23,5.49,5.43,5.53,5.43,4085398.15
2025-05-26,5.43,5.39,5.45,5.37,3284047.38
2025-05-27,5.39,5.42,5.45,5.38,2449882.6
2025-05-28,5.42,5.41,5.44,5.38,2464859.49
2025-05-29,5.42,5.4,5.43,5.38,2454397.21
2025-05-30,5.4,5.42,5.45,5.38,4072226.38
2025-06-03,5.41,5.45,5.46,5.39,3619986.54
2025-06-04,5.46,5.45,5.48,5.44,2549106.39
2025-06-05,5.45,5.45,5.51,5.44,3561174.16
2025-06-06,5.46,5.49,5.5,5.45,2801106.16
2025-06-09,5.5,5.47,5.52,5.42,4035431.31
2025-06-10,5.46,5.5,5.55,5.45,4192232.61
2025-06-11,5.49,5.5,5.52,5.47,2372394.93
2025-06-12,5.5,5.51,5.53,5.48,2367507.11
2025-06-13,5.51,5.48,5.53,5.48,3055189.16
2025-06-16,5.48,5.51,5.52,5.42,4219989.21
2025-06-17,5.51,5.52,5.55,5.5,2448687.4
2025-06-18,5.53,5.61,5.61,5.52,3807239.8
2025-06-19,5.62,5.62,5.64,5.57,3033383.73
2025-06-20,5.62,5.65,5.67,5.59,3277999.09
2025-06-23,5.64,5.77,5.81,5.62,4439806.99
2025-06-24,5.77,5.84,5.86,5.75,4508231.17
2025-06-25,5.84,5.9,5.94,5.8,4588500.73
2025-06-26,5.89,5.95,5.96,5.86,3454064.18
2025-06-27,5.94,5.76,5.96,5.73,7328838.19
2025-06-30,5.73,5.76,5.78,5.68,3929370.08
2025-07-01,5.77,5.84,5.87,5.76,3145475.07
2025-07-02,5.85,5.86,5.9,5.84,2753796.9
2025-07-03,5.87,5.83,5.88,5.79,3099118.3
2025-07-04,5.83,5.91,5.94,5.82,3746804.22
2025-07-07,5.91,5.95,5.96,5.9,2679206.82
2025-07-08,5.95,5.99,5.99,5.92,2897308.6
2025-07-09,5.98,6.07,6.14,5.97,3834118.39
2025-07-10,6.08,6.18,6.22,6.07,5606004.59
2025-07-11,6.2,6.19,6.38,6.14,9899616.54
2025-07-14,6.19,6.25,6.34,6.18,5235676.35
2025-07-15,6.27,6.2,6.29,6.15,4157867.64
2025-07-16,6.18,6.16,6.2,6.11,4478619.65
2025-07-17,6.18,6.13,6.21,6.13,4046382.43
2025-07-18,6.15,6.22,6.24,6.13,4035515.49
2025-07-21,6.22,6.19,6.23,6.14,3743600.16
2025-07-22,6.18,6.1,6.19,6.08,5609283.28
2025-07-23,6.09,6.25,6.3,6.07,6278221.14
2025-07-24,6.26,6.2,6.28,6.19,4388959.92
2025-07-25,6.19,6.18,6.24,6.16,3459340.08
2025-07-28,6.17,6.19,6.21,6.15,3173345.03
2025-07-29,6.2,6.14,6.29,6.13,4179314.54
2025-07-30,6.15,6.23,6.27,6.11,5125785.22
2025-07-31,6.25,6.3,6.34,6.17,5288060.16
2025-08-01,6.31,6.33,6.39,6.25,5370252.0
2025-08-04,6.34,6.39,6.48,6.33,5427492.86
2025-08-05,6.4,6.54,6.56,6.38,4910672.64
2025-08-06,6.56,6.62,6.62,6.55,4376045.32
2025-08-07,6.62,6.71,6.74,6.56,4310128.67
2025-08-08,6.72,6.71,6.75,6.66,3892602.96
2025-08-11,6.69,6.74,6.78,6.62,4981599.91
2025-08-12,6.74,6.85,6.88,6.73,4722225.42
2025-08-13,6.86,6.8,6.95,6.7,7160593.37
2025-08-14,6.78,6.92,6.94,6.75,5751286.57
2025-08-15,6.93,6.85,6.95,6.7,7442142.45
2025-08-18,6.79,6.93,6.94,6.73,5894781.13
2025-08-19,6.92,7.02,7.09,6.91,5444344.91
2025-08-20,7.02,7.08,7.14,6.98,4751577.65
2025-08-21,7.07,7.23,7.24,7.03,4774008.54
2025-08-22,7.23,7.3,7.31,7.18,5183611.95
